GG	GC	CC	CG	CT	TG	GA	AG	CA	TC	AC	GT	AT	TT	AA	TA	cancer
0.0888598	0.0721648	0.0891251	0.0370219	0.0742955	0.0687040	0.0606894	0.0750189	0.0698958	0.0605408	0.0485200	0.0479201	0.0428843	0.0637374	0.0647580	0.0358641	background
0.0545396	0.0787236	0.1072050	0.0153607	0.0524367	0.0857639	0.0222639	0.0780836	0.0294871	0.1476180	0.0908384	0.0344244	0.0504709	0.0722776	0.0493280	0.0311786	Bile_Duct_Cancer
0.0541178	0.0708671	0.1049100	0.0180796	0.0524852	0.0816907	0.0227960	0.0821139	0.0314427	0.1497760	0.0958399	0.0345870	0.0483130	0.0721974	0.0476478	0.0331358	Healthy
0.0507499	0.0788605	0.1101780	0.0167909	0.0524950	0.0720687	0.0259881	0.0802754	0.0317423	0.1457880	0.0982926	0.0373078	0.0486275	0.0722102	0.0511744	0.0274502	Pancreatic_Cancer
0.0651448	0.0675947	0.1179290	0.0282851	0.0538976	0.0832962	0.0408686	0.0545657	0.0791759	0.1252780	0.0634744	0.0324053	0.0412027	0.0604677	0.0337416	0.0526726	Breast_Cancer
0.0501466	0.0741935	0.1000000	0.0195992	0.0527859	0.0811339	0.0200880	0.0842620	0.0327957	0.1486800	0.0939883	0.0372434	0.0489736	0.0760508	0.0517595	0.0282991	Healthy
0.0510706	0.0741196	0.1055340	0.0173745	0.0568621	0.0720136	0.0228150	0.0806131	0.0312390	0.1384700	0.0971686	0.0365625	0.0539956	0.0856441	0.0470925	0.0294255	Healthy
0.0648714	0.0685730	0.1215990	0.0254488	0.0595040	0.0829169	0.0423839	0.0539515	0.0793078	0.1191930	0.0732926	0.0323894	0.0400703	0.0570979	0.0334999	0.0459004	Breast_Cancer
0.0530699	0.0705534	0.1163270	0.0223018	0.0515556	0.0759224	0.0285655	0.0710352	0.0491465	0.1349120	0.0874174	0.0332461	0.0488023	0.0712417	0.0466685	0.0392346	Breast_Cancer
0.0576439	0.0805561	0.1148520	0.0181651	0.0613738	0.0677194	0.0234451	0.0705290	0.0322127	0.1354870	0.0993025	0.0413680	0.0553187	0.0745495	0.0428212	0.0246561	Breast_Cancer
0.0509911	0.0733424	0.1055370	0.0157895	0.0496241	0.0828435	0.0237867	0.0801777	0.0318524	0.1431990	0.1015720	0.0361586	0.0494874	0.0774436	0.0475735	0.0306220	Healthy
0.0501332	0.0751731	0.1057540	0.0173681	0.0528503	0.0758125	0.0241875	0.0824188	0.0332445	0.1422480	0.0982419	0.0362813	0.0506660	0.0722429	0.0519446	0.0314331	Healthy
0.0527678	0.0743699	0.1136360	0.0236274	0.0587309	0.0746512	0.0279028	0.0687444	0.0470297	0.1379390	0.0968159	0.0367912	0.0451733	0.0684068	0.0426418	0.0307718	Breast_Cancer
0.0557752	0.0803361	0.1161130	0.0199605	0.0562695	0.0742149	0.0276785	0.0710973	0.0434188	0.1409020	0.0935670	0.0377918	0.0455859	0.0662307	0.0407574	0.0303019	Breast_Cancer
0.0531596	0.0783460	0.1084440	0.0186721	0.0559813	0.0810632	0.0245245	0.0838501	0.0327458	0.1405280	0.0976451	0.0369261	0.0458789	0.0690100	0.0475510	0.0256741	Healthy
0.0551559	0.0735104	0.1033940	0.0199225	0.0555248	0.0795979	0.0204759	0.0744328	0.0333887	0.1408410	0.0974912	0.0389227	0.0509131	0.0809814	0.0476849	0.0277624	Healthy
0.0506650	0.0766068	0.1175750	0.0171591	0.0524926	0.0752868	0.0233526	0.0726977	0.0345720	0.1475280	0.1007720	0.0352320	0.0496497	0.0706671	0.0466037	0.0291400	Lung_Cancer
0.0463186	0.0725569	0.1004020	0.0152610	0.0546185	0.0708835	0.0210843	0.0774431	0.0291165	0.1524770	0.1026100	0.0390897	0.0546854	0.0834003	0.0497323	0.0303213	Breast_Cancer
0.0525635	0.0700641	0.0971777	0.0193493	0.0555829	0.0870101	0.0258812	0.0799852	0.0372812	0.1329180	0.0920631	0.0354326	0.0544737	0.0776436	0.0520089	0.0305645	Healthy
0.0557529	0.0742738	0.1025620	0.0196626	0.0561335	0.0813776	0.0244831	0.0826462	0.0338704	0.1465810	0.0960929	0.0352658	0.0482050	0.0691361	0.0478879	0.0260688	Colorectal_Cancer
0.0480284	0.0780757	0.1178230	0.0171530	0.0591088	0.0722003	0.0253549	0.0716483	0.0327681	0.1345030	0.1014590	0.0392744	0.0542981	0.0747240	0.0468060	0.0267744	Pancreatic_Cancer
0.0543255	0.0803199	0.1148200	0.0190778	0.0494652	0.0772770	0.0240939	0.0793125	0.0324644	0.1478970	0.0993146	0.0341988	0.0462249	0.0679406	0.0453214	0.0279468	Healthy
0.0529449	0.0721178	0.1005010	0.0185464	0.0525689	0.0764411	0.0223058	0.0884085	0.0286967	0.1513780	0.0966165	0.0340852	0.0498747	0.0749373	0.0527569	0.0278195	Healthy
0.0545378	0.0764090	0.1045420	0.0185999	0.0573418	0.0765025	0.0224787	0.0860361	0.0312646	0.1330030	0.0977194	0.0372465	0.0541172	0.0751939	0.0483223	0.0266847	Ovarian_Cancer
0.0479726	0.0774659	0.1080200	0.0152566	0.0567023	0.0711022	0.0237007	0.0791385	0.0320225	0.1406540	0.0956596	0.0398548	0.0569471	0.0752631	0.0537652	0.0264747	Ovarian_Cancer
0.0517847	0.0789349	0.1109740	0.0196507	0.0642681	0.0713879	0.0291912	0.0749478	0.0353142	0.1217490	0.0894247	0.0462787	0.0552971	0.0734289	0.0489368	0.0284317	Colorectal_Cancer
0.0498844	0.0793599	0.1106050	0.0174830	0.0537495	0.0760006	0.0232987	0.0787097	0.0325820	0.1518930	0.0983962	0.0376029	0.0465612	0.0692458	0.0478616	0.0267664	Healthy
0.0454207	0.0783693	0.1135050	0.0162416	0.0533321	0.0685499	0.0224311	0.0741344	0.0309475	0.1562730	0.1041510	0.0346240	0.0521221	0.0747394	0.0480733	0.0270849	Pancreatic_Cancer
0.0518774	0.0736928	0.1001870	0.0197684	0.0580770	0.0832846	0.0235700	0.0782548	0.0331033	0.1422390	0.0952158	0.0370804	0.0558545	0.0757399	0.0449175	0.0271377	Healthy
0.0475389	0.0729595	0.1018690	0.0155763	0.0544548	0.0747040	0.0234268	0.0732087	0.0326480	0.1480370	0.1014950	0.0380685	0.0567601	0.0754517	0.0523988	0.0314019	Healthy
0.0507687	0.0802434	0.1085260	0.0181699	0.0540163	0.0771191	0.0218696	0.0795856	0.0283647	0.1407140	0.0985365	0.0369563	0.0535230	0.0770780	0.0478089	0.0267204	Healthy
0.0709155	0.0673811	0.1294040	0.0356858	0.0536997	0.0895565	0.0392772	0.0535857	0.0804355	0.1193140	0.0704025	0.0254247	0.0380800	0.0489682	0.0339756	0.0438947	Breast_Cancer
0.0537018	0.0758625	0.1091040	0.0198942	0.0547721	0.0827248	0.0214681	0.0839839	0.0330521	0.1417150	0.0909720	0.0367036	0.0499874	0.0749182	0.0452657	0.0258751	Healthy
0.0502596	0.0735506	0.1083070	0.0174863	0.0516297	0.0775166	0.0238679	0.0799683	0.0310787	0.1513200	0.0978872	0.0349365	0.0511970	0.0736588	0.0487814	0.0285549	Healthy
0.0484047	0.0719877	0.1065200	0.0187277	0.0571740	0.0764467	0.0222949	0.0712446	0.0349782	0.1405570	0.0925981	0.0404281	0.0537059	0.0818966	0.0537554	0.0292806	Lung_Cancer
0.0527588	0.0682642	0.1100820	0.0147000	0.0547725	0.0807491	0.0224191	0.0790710	0.0310780	0.1423680	0.0989395	0.0378574	0.0568533	0.0761847	0.0482615	0.0256410	Bile_Duct_Cancer
0.0514515	0.0784163	0.1030800	0.0172292	0.0585910	0.0726929	0.0247817	0.0800094	0.0303281	0.1432620	0.0997758	0.0388836	0.0538707	0.0718079	0.0490323	0.0267878	Healthy
0.0535296	0.0720094	0.1077980	0.0174325	0.0552544	0.0817420	0.0226685	0.0824196	0.0325243	0.1410000	0.0999754	0.0361587	0.0521744	0.0746581	0.0456449	0.0250092	Healthy
0.0510033	0.0751115	0.1068840	0.0158863	0.0551839	0.0785256	0.0224359	0.0820792	0.0315635	0.1423490	0.0939939	0.0363016	0.0540691	0.0801979	0.0459866	0.0284281	Healthy
0.0512872	0.0723384	0.1012340	0.0189059	0.0570528	0.0799812	0.0241352	0.0819254	0.0321802	0.1352910	0.0937919	0.0413650	0.0568517	0.0781040	0.0471976	0.0283588	Healthy
0.0521982	0.0780512	0.1141080	0.0165354	0.0554134	0.0762467	0.0238517	0.0744094	0.0343504	0.1465880	0.0981627	0.0361549	0.0515092	0.0709646	0.0437008	0.0277559	Breast_Cancer
0.0591791	0.0765114	0.1123680	0.0192180	0.0509706	0.0838602	0.0237105	0.0866057	0.0330837	0.1348590	0.0989185	0.0369107	0.0495563	0.0633389	0.0435663	0.0273433	Pancreatic_Cancer
0.0454545	0.0685315	0.0985140	0.0180070	0.0523601	0.0773601	0.0224650	0.0819930	0.0267483	0.1511360	0.1000000	0.0358392	0.0514860	0.0865385	0.0524476	0.0311189	Healthy
0.0504529	0.0711502	0.1033280	0.0200653	0.0559301	0.0846851	0.0223826	0.0874236	0.0317042	0.1364550	0.0931641	0.0370760	0.0509796	0.0752054	0.0498736	0.0301243	Ovarian_Cancer
0.0520632	0.0785023	0.1069280	0.0192562	0.0578706	0.0762608	0.0221600	0.0801834	0.0342333	0.1436580	0.0922567	0.0362710	0.0496689	0.0771268	0.0475293	0.0260316	Healthy
0.0485597	0.0768141	0.1060920	0.0162128	0.0460412	0.0706753	0.0275460	0.0720919	0.0343932	0.1485130	0.1016060	0.0354163	0.0519440	0.0709901	0.0594994	0.0336062	Bile_Duct_Cancer
0.0526358	0.0797160	0.1197950	0.0176121	0.0565674	0.0710102	0.0249940	0.0728155	0.0343015	0.1387310	0.1002970	0.0367087	0.0514724	0.0686432	0.0461767	0.0285244	Breast_Cancer
0.0495437	0.0725376	0.1030580	0.0184307	0.0567145	0.0778120	0.0247126	0.0751452	0.0341946	0.1423490	0.0993837	0.0380467	0.0511438	0.0774564	0.0497807	0.0296906	Lung_Cancer
0.0484505	0.0788043	0.1096210	0.0150902	0.0637720	0.0679348	0.0269426	0.0757401	0.0361355	0.1245950	0.1024510	0.0415703	0.0591466	0.0723289	0.0504741	0.0269426	Bile_Duct_Cancer
0.0520281	0.0719777	0.0970308	0.0176962	0.0568001	0.0813229	0.0239263	0.0837089	0.0338017	0.1357370	0.0945785	0.0388388	0.0507025	0.0783404	0.0513653	0.0321448	Healthy
0.0471278	0.0722087	0.1020090	0.0161812	0.0520496	0.0739617	0.0213053	0.0774676	0.0310814	0.1529130	0.0970200	0.0365426	0.0539374	0.0840750	0.0490831	0.0330367	Healthy
0.0520642	0.0737385	0.1057340	0.0184060	0.0515482	0.0784404	0.0232225	0.0866399	0.0351491	0.1498850	0.0927752	0.0340596	0.0473624	0.0742546	0.0474197	0.0293005	Healthy
0.0491706	0.0823915	0.1158860	0.0156763	0.0512669	0.0673988	0.0234688	0.0756015	0.0274790	0.1535730	0.1055410	0.0374590	0.0513580	0.0704521	0.0488516	0.0244258	Pancreatic_Cancer
0.0456881	0.0733266	0.1047250	0.0139133	0.0533342	0.0744548	0.0238782	0.0752695	0.0324016	0.1464030	0.0980822	0.0401730	0.0577212	0.0796566	0.0513913	0.0295813	Pancreatic_Cancer
0.0481418	0.0739280	0.1055460	0.0178959	0.0554603	0.0789022	0.0225843	0.0762150	0.0314465	0.1438540	0.0962264	0.0350486	0.0531732	0.0805603	0.0507147	0.0303030	Healthy
0.0504642	0.0788881	0.1108480	0.0165015	0.0520497	0.0773965	0.0227183	0.0789298	0.0300615	0.1529050	0.1002090	0.0351622	0.0486284	0.0710233	0.0475644	0.0266507	Healthy
0.0497485	0.0754053	0.1030180	0.0181107	0.0519843	0.0806596	0.0249860	0.0822247	0.0319732	0.1401900	0.0993851	0.0363890	0.0514813	0.0750140	0.0504192	0.0290106	Healthy
0.0474138	0.0690350	0.1020580	0.0159205	0.0529755	0.0825918	0.0234983	0.0836346	0.0307286	0.1441180	0.1026140	0.0357341	0.0542269	0.0795328	0.0472747	0.0286429	Healthy
0.0505355	0.0767344	0.1076360	0.0159243	0.0572404	0.0763930	0.0225361	0.0808474	0.0319727	0.1375290	0.0973770	0.0391588	0.0553158	0.0749496	0.0494025	0.0264473	Healthy
0.0587865	0.0771966	0.1129820	0.0239017	0.0590115	0.0777818	0.0315538	0.0688243	0.0502341	0.1349480	0.0879996	0.0338495	0.0441574	0.0643680	0.0418167	0.0325891	Lung_Cancer
0.0501481	0.0751609	0.1101140	0.0173431	0.0526861	0.0785003	0.0234098	0.0778658	0.0324042	0.1485180	0.0977470	0.0361333	0.0503818	0.0734577	0.0468308	0.0292985	Healthy
0.0525401	0.0871351	0.1288390	0.0153229	0.0666625	0.0594907	0.0333628	0.0644825	0.0369329	0.1218560	0.0967711	0.0462846	0.0544673	0.0688108	0.0430620	0.0239795	Breast_Cancer
0.0486303	0.0735109	0.1033550	0.0157075	0.0511435	0.0794169	0.0222418	0.0818673	0.0330485	0.1494720	0.1001510	0.0378236	0.0483162	0.0747047	0.0501382	0.0304725	Healthy
0.0492988	0.0763452	0.1038920	0.0151689	0.0545220	0.0763452	0.0254007	0.0777762	0.0314110	0.1375930	0.1043930	0.0383515	0.0555953	0.0782770	0.0474385	0.0281912	Healthy
0.0504471	0.0744563	0.1030470	0.0183795	0.0512198	0.0788718	0.0248924	0.0821283	0.0347169	0.1447730	0.0957611	0.0366486	0.0517717	0.0748979	0.0502263	0.0277624	Healthy
0.0502658	0.0707029	0.1018310	0.0187242	0.0510927	0.0795038	0.0222682	0.0845245	0.0347312	0.1480800	0.0977555	0.0356172	0.0481985	0.0736562	0.0500295	0.0330183	Healthy
0.0524122	0.0752265	0.1051980	0.0179339	0.0528792	0.0792780	0.0231062	0.0829325	0.0298314	0.1441600	0.0963011	0.0365216	0.0512680	0.0761255	0.0492247	0.0276013	Healthy
0.0503483	0.0797385	0.1110840	0.0152756	0.0538922	0.0766834	0.0228523	0.0777832	0.0309789	0.1468900	0.0944030	0.0386166	0.0519980	0.0749725	0.0468655	0.0276182	Pancreatic_Cancer
0.0560811	0.0778586	0.1091480	0.0192827	0.0574844	0.0779106	0.0216736	0.0819127	0.0294179	0.1372140	0.0974012	0.0388254	0.0495842	0.0757277	0.0450624	0.0254158	Colorectal_Cancer
0.0546300	0.0785915	0.1109910	0.0180117	0.0539810	0.0758330	0.0242319	0.0795651	0.0322912	0.1317610	0.0975768	0.0411077	0.0534401	0.0725335	0.0499243	0.0255301	Lung_Cancer
0.0458215	0.0777540	0.1186690	0.0158278	0.0569009	0.0679012	0.0245726	0.0686926	0.0350190	0.1380970	0.1049780	0.0404004	0.0574945	0.0737971	0.0475625	0.0265116	Pancreatic_Cancer
0.0505393	0.0706672	0.1072230	0.0185603	0.0593178	0.0756208	0.0233885	0.0798846	0.0336092	0.1406450	0.0986958	0.0391272	0.0530474	0.0740532	0.0497241	0.0258967	Healthy
0.0484923	0.0776615	0.1115690	0.0140923	0.0534769	0.0812923	0.0224000	0.0608000	0.0335385	0.1400620	0.1074460	0.0371692	0.0566769	0.0776615	0.0469538	0.0307077	Gastric_cancer
0.0496605	0.0772567	0.1020870	0.0169097	0.0568896	0.0758109	0.0252703	0.0762509	0.0328137	0.1410610	0.0980639	0.0378426	0.0534322	0.0761881	0.0484033	0.0320593	Pancreatic_Cancer
0.0514262	0.0703634	0.1066400	0.0179903	0.0543851	0.0769322	0.0229021	0.0817256	0.0316014	0.1430350	0.0949817	0.0375784	0.0509528	0.0776423	0.0516629	0.0301811	Healthy
0.0511053	0.0803684	0.1049470	0.0159474	0.0551579	0.0746842	0.0243684	0.0781579	0.0299474	0.1422630	0.1026320	0.0375263	0.0535789	0.0714737	0.0499474	0.0278947	Pancreatic_Cancer
0.0499484	0.0736319	0.1062210	0.0172303	0.0489158	0.0760196	0.0239417	0.0812468	0.0338152	0.1514580	0.0980253	0.0340733	0.0528523	0.0737610	0.0480769	0.0307821	Healthy
0.0497499	0.0724477	0.1041780	0.0162127	0.0498425	0.0828701	0.0211692	0.0887530	0.0303409	0.1479530	0.0979711	0.0358533	0.0501668	0.0728182	0.0512322	0.0284417	Breast_Cancer
0.0541728	0.0729973	0.1010250	0.0193474	0.0563690	0.0816252	0.0259360	0.0819389	0.0308513	0.1383600	0.0942794	0.0368647	0.0503556	0.0740954	0.0518720	0.0299101	Healthy
0.0488128	0.0782192	0.1015070	0.0147489	0.0504110	0.0783562	0.0223288	0.0874429	0.0274429	0.1513240	0.1037440	0.0356621	0.0498174	0.0731050	0.0478082	0.0292694	Breast_Cancer
0.0498864	0.0762126	0.1037740	0.0180283	0.0609503	0.0768053	0.0217327	0.0793737	0.0327966	0.1360270	0.0973032	0.0387237	0.0542823	0.0778425	0.0499852	0.0262768	Gastric_cancer
0.0559042	0.0765830	0.1080290	0.0189199	0.0505087	0.0822637	0.0223427	0.0837136	0.0311846	0.1424700	0.0985216	0.0364138	0.0484645	0.0717342	0.0459926	0.0269538	Healthy
0.0504676	0.0801984	0.1123560	0.0175244	0.0515383	0.0771647	0.0229852	0.0755586	0.0314084	0.1530800	0.1011490	0.0348347	0.0497894	0.0689557	0.0460775	0.0269113	Healthy
0.0523437	0.0775451	0.1110390	0.0172617	0.0520790	0.0784273	0.0218785	0.0778392	0.0300241	0.1532670	0.1011880	0.0356408	0.0491678	0.0701641	0.0461095	0.0260248	Healthy
0.0519029	0.0701304	0.1015610	0.0169446	0.0512615	0.0815694	0.0241608	0.0836541	0.0335151	0.1453920	0.0928480	0.0341565	0.0542014	0.0769724	0.0525444	0.0291854	Healthy
0.0414888	0.0772132	0.1169940	0.0146598	0.0549388	0.0695986	0.0232707	0.0715912	0.0340877	0.1543550	0.1063910	0.0350128	0.0512383	0.0701679	0.0491033	0.0298890	Gastric_cancer
0.0553047	0.0739032	0.1079100	0.0191874	0.0519678	0.0876926	0.0276769	0.0766022	0.0379821	0.1340170	0.0925999	0.0365100	0.0512808	0.0724311	0.0457356	0.0291982	Gastric_cancer
0.0512004	0.0807828	0.1086590	0.0190010	0.0547275	0.0781659	0.0242348	0.0778814	0.0341905	0.1441010	0.0955740	0.0366936	0.0500057	0.0704289	0.0457959	0.0285584	Healthy
0.0493403	0.0711497	0.1014400	0.0179725	0.0515617	0.0805735	0.0224825	0.0816505	0.0337911	0.1509830	0.0980075	0.0337911	0.0512251	0.0758616	0.0483980	0.0317717	Healthy
0.0494934	0.0762199	0.1043440	0.0161290	0.0552579	0.0721439	0.0247467	0.0743566	0.0329568	0.1471990	0.0989286	0.0406428	0.0525213	0.0734832	0.0500175	0.0315593	Healthy
0.0519302	0.0826018	0.1061870	0.0193020	0.0549445	0.0750397	0.0239027	0.0809096	0.0303014	0.1403490	0.0989952	0.0363829	0.0525648	0.0725542	0.0480169	0.0260180	Ovarian_Cancer
0.0649610	0.0683179	0.1179460	0.0269461	0.0421884	0.0905462	0.0326619	0.0631464	0.0629650	0.1336420	0.0832880	0.0288514	0.0422791	0.0593359	0.0396480	0.0432771	Gastric_cancer
0.0490293	0.0760238	0.1030180	0.0179963	0.0536347	0.0803458	0.0199802	0.0845260	0.0335837	0.1470170	0.0986963	0.0371263	0.0481791	0.0778659	0.0464078	0.0265694	Healthy
0.0490180	0.0803500	0.1127150	0.0159266	0.0550870	0.0741785	0.0225915	0.0770548	0.0301406	0.1472680	0.1008190	0.0368891	0.0505352	0.0722610	0.0486084	0.0265568	Healthy
0.0512173	0.0773776	0.1093730	0.0175669	0.0512050	0.0788487	0.0230956	0.0787996	0.0322774	0.1526470	0.0971756	0.0337730	0.0481403	0.0721431	0.0476500	0.0287101	Healthy
0.0552433	0.0702635	0.1044050	0.0183376	0.0562108	0.0847309	0.0227608	0.0822429	0.0337726	0.1426000	0.0927479	0.0340951	0.0516955	0.0704018	0.0494840	0.0310081	Colorectal_Cancer
0.0553152	0.0777009	0.1097110	0.0194117	0.0550990	0.0797015	0.0251974	0.0877041	0.0326052	0.1433980	0.0949497	0.0327133	0.0466638	0.0643993	0.0475830	0.0278469	Colorectal_Cancer
0.0498334	0.0846702	0.1205530	0.0168565	0.0543285	0.0719600	0.0225141	0.0764163	0.0297605	0.1455860	0.1015660	0.0377432	0.0493684	0.0666899	0.0479346	0.0242192	Breast_Cancer
0.0471910	0.0766185	0.1069020	0.0150883	0.0486891	0.0731942	0.0218834	0.0802568	0.0282504	0.1609950	0.1002680	0.0355805	0.0517389	0.0763510	0.0494917	0.0275013	Breast_Cancer
0.0479107	0.0768431	0.1041890	0.0181033	0.0550755	0.0774448	0.0223693	0.0791402	0.0304091	0.1431310	0.1050650	0.0367534	0.0519033	0.0748195	0.0486764	0.0281667	Ovarian_Cancer
0.0488831	0.0736484	0.1147620	0.0177512	0.0519586	0.0802309	0.0220136	0.0823352	0.0323190	0.1436280	0.0987914	0.0356102	0.0488292	0.0719758	0.0502860	0.0269774	Pancreatic_Cancer
0.0539592	0.0746325	0.1088190	0.0180180	0.0627786	0.0738265	0.0240872	0.0809862	0.0323850	0.1284970	0.0940256	0.0406828	0.0569464	0.0766240	0.0500711	0.0236605	Bile_Duct_Cancer
0.0500057	0.0738502	0.1018760	0.0185897	0.0598938	0.0788790	0.0215844	0.0750932	0.0339021	0.1408630	0.0961691	0.0397220	0.0549780	0.0796135	0.0484801	0.0265002	Lung_Cancer
0.0483976	0.0793349	0.1018900	0.0167655	0.0541404	0.0772045	0.0230641	0.0804928	0.0325584	0.1441270	0.1017510	0.0353835	0.0534457	0.0746110	0.0484439	0.0283901	Healthy
0.0495864	0.0789727	0.1154290	0.0174586	0.0550693	0.0749808	0.0227010	0.0780589	0.0315506	0.1449600	0.0995094	0.0372259	0.0517507	0.0728165	0.0441997	0.0257311	Healthy
0.0527106	0.0887956	0.1245050	0.0189813	0.0561245	0.0720333	0.0224635	0.0761300	0.0328759	0.1302400	0.1001640	0.0396695	0.0522327	0.0671514	0.0437321	0.0221904	Colorectal_Cancer
0.0536580	0.0753636	0.1087480	0.0195020	0.0565227	0.0769061	0.0240194	0.0813134	0.0275452	0.1390480	0.1025780	0.0377920	0.0540987	0.0750331	0.0434112	0.0244601	Lung_Cancer
0.0563356	0.0771364	0.1050440	0.0194141	0.0614491	0.0771364	0.0255677	0.0783498	0.0344947	0.1300050	0.0900503	0.0381349	0.0546022	0.0764431	0.0486219	0.0272144	Healthy
0.0541282	0.0762035	0.1056370	0.0174607	0.0501372	0.0749563	0.0254428	0.0809429	0.0315540	0.1428660	0.1003990	0.0372287	0.0495136	0.0747069	0.0503866	0.0284360	Healthy
0.0617347	0.0734438	0.1098770	0.0227759	0.0511816	0.0902260	0.0250878	0.0930730	0.0352984	0.1314540	0.0896695	0.0344422	0.0429617	0.0636613	0.0482918	0.0268216	Bile_Duct_Cancer
0.0493515	0.0795346	0.1119110	0.0175949	0.0598417	0.0705703	0.0236029	0.0727160	0.0300877	0.1415700	0.1018020	0.0419130	0.0525939	0.0752432	0.0470151	0.0246519	Pancreatic_Cancer
0.0488643	0.0790928	0.1095230	0.0174901	0.0583002	0.0723866	0.0230505	0.0738694	0.0312732	0.1505020	0.0999865	0.0377435	0.0520995	0.0765316	0.0435735	0.0257127	Healthy
0.0481505	0.0694044	0.1003130	0.0191850	0.0547962	0.0801881	0.0240125	0.0850157	0.0292163	0.1416930	0.0942947	0.0380564	0.0541693	0.0772414	0.0541693	0.0300940	Breast_Cancer
0.0639898	0.0804745	0.1117180	0.0210515	0.0594230	0.0791936	0.0230007	0.0793050	0.0324683	0.1313210	0.0916128	0.0407106	0.0472822	0.0710626	0.0418245	0.0255625	Colorectal_Cancer
0.0503943	0.0766956	0.1083990	0.0186120	0.0552839	0.0770505	0.0216877	0.0821372	0.0324527	0.1411280	0.0992508	0.0397871	0.0533912	0.0718849	0.0456625	0.0261830	Healthy
0.0532464	0.0749393	0.1056330	0.0176477	0.0503641	0.0798443	0.0255866	0.0841424	0.0308455	0.1434570	0.0966828	0.0358515	0.0524373	0.0711974	0.0490999	0.0290251	Ovarian_Cancer
0.0523486	0.0762390	0.1046570	0.0168971	0.0508529	0.0776134	0.0215862	0.0856173	0.0301560	0.1521140	0.0941062	0.0364621	0.0487913	0.0778155	0.0483467	0.0263966	Breast_Cancer
0.0582349	0.0790682	0.1049870	0.0205052	0.0526575	0.0789042	0.0219816	0.0798885	0.0316601	0.1268040	0.0926837	0.0396982	0.0544619	0.0797244	0.0482283	0.0305118	Lung_Cancer
0.0498498	0.0712913	0.1042640	0.0179580	0.0574174	0.0805405	0.0240841	0.0793994	0.0327327	0.1370570	0.0967568	0.0400000	0.0533934	0.0750150	0.0515916	0.0286486	Healthy
0.0516843	0.0790415	0.1113150	0.0170131	0.0551404	0.0772648	0.0240593	0.0795892	0.0317261	0.1468630	0.0994499	0.0358151	0.0496763	0.0701455	0.0460132	0.0252032	Healthy
0.0518348	0.0755117	0.1063950	0.0194986	0.0555286	0.0802955	0.0233136	0.0784789	0.0315490	0.1413950	0.0959792	0.0354245	0.0531065	0.0758750	0.0502604	0.0255541	Healthy
0.0526776	0.0709369	0.1019130	0.0161591	0.0588613	0.0823708	0.0251429	0.0801540	0.0343601	0.1364480	0.0975965	0.0376269	0.0523860	0.0774705	0.0488274	0.0270680	Healthy
0.0480111	0.0743397	0.1019730	0.0171992	0.0566515	0.0700196	0.0230681	0.0718944	0.0322791	0.1455820	0.1028690	0.0390447	0.0582002	0.0798011	0.0483371	0.0307304	Breast_Cancer
0.0509723	0.0780653	0.1103650	0.0168009	0.0572777	0.0721666	0.0213571	0.0790416	0.0318526	0.1420550	0.1000330	0.0408429	0.0559352	0.0696445	0.0466602	0.0269303	Ovarian_Cancer
0.0623767	0.0788204	0.1086750	0.0238252	0.0719141	0.0749836	0.0250311	0.0798071	0.0335453	0.1220490	0.0866404	0.0435577	0.0517065	0.0709640	0.0416941	0.0244099	Colorectal_Cancer
0.0555594	0.0786890	0.1053800	0.0193957	0.0517218	0.0848085	0.0231642	0.0884387	0.0295257	0.1462450	0.0978426	0.0330521	0.0440810	0.0696999	0.0464666	0.0259300	Healthy
0.0478702	0.0795681	0.1127090	0.0163217	0.0594646	0.0732982	0.0261246	0.0711584	0.0342854	0.1377390	0.0960888	0.0370223	0.0566779	0.0728503	0.0501095	0.0287122	Breast_Cancer
0.0496775	0.0814352	0.1112740	0.0173892	0.0542085	0.0767001	0.0224508	0.0805372	0.0273900	0.1503800	0.1019680	0.0351457	0.0474733	0.0722100	0.0464528	0.0253082	Healthy
0.0516350	0.0750915	0.1063160	0.0159658	0.0524964	0.0781985	0.0228874	0.0820900	0.0309779	0.1452610	0.0971175	0.0361307	0.0535269	0.0730766	0.0505891	0.0286400	Healthy
0.0512742	0.0792559	0.1063200	0.0153415	0.0570336	0.0754332	0.0235474	0.0796636	0.0305810	0.1394500	0.0984709	0.0366972	0.0520387	0.0749745	0.0501529	0.0297655	Breast_Cancer
0.0551534	0.0712250	0.1045120	0.0200285	0.0547221	0.0835646	0.0232353	0.0831708	0.0321994	0.1427690	0.0926787	0.0363439	0.0496399	0.0734003	0.0485522	0.0288050	Healthy
0.0483559	0.0754352	0.0986460	0.0163028	0.0565764	0.0761951	0.0222437	0.0794418	0.0296353	0.1511470	0.0977480	0.0372340	0.0540895	0.0779221	0.0482177	0.0308096	Pancreatic_Cancer
0.0538539	0.0755255	0.1039040	0.0164665	0.0557558	0.0760761	0.0242743	0.0738739	0.0314815	0.1499500	0.0975475	0.0372873	0.0529029	0.0746246	0.0472973	0.0291792	Healthy
0.0580317	0.0746193	0.1077950	0.0175456	0.0539982	0.0884844	0.0218312	0.0884340	0.0298477	0.1392560	0.0946355	0.0355450	0.0492084	0.0677120	0.0479480	0.0251084	Pancreatic_Cancer
0.0505334	0.0734641	0.1087750	0.0183368	0.0596045	0.0781359	0.0244880	0.0790703	0.0321965	0.1345090	0.0978743	0.0391264	0.0546601	0.0740481	0.0474188	0.0277583	Healthy
0.0507778	0.0697094	0.1033170	0.0165835	0.0537129	0.0802025	0.0224538	0.0783681	0.0296448	0.1473440	0.0972263	0.0342677	0.0538597	0.0816701	0.0534928	0.0273701	Healthy
0.0520701	0.0725590	0.1060480	0.0182281	0.0590646	0.0726296	0.0246573	0.0796241	0.0324290	0.1386180	0.0973576	0.0412604	0.0525646	0.0796948	0.0467006	0.0264943	Healthy
0.0504846	0.0756349	0.1074710	0.0152742	0.0502392	0.0763097	0.0233714	0.0793154	0.0327567	0.1439700	0.0985155	0.0382775	0.0553306	0.0742854	0.0512821	0.0274813	Lung_Cancer
0.0528032	0.0739370	0.1027840	0.0181237	0.0539320	0.0824031	0.0246457	0.0758184	0.0348677	0.1437350	0.0998997	0.0345541	0.0492914	0.0750031	0.0465320	0.0316694	Lung_Cancer
0.0495868	0.0739828	0.0988557	0.0162111	0.0521297	0.0768436	0.0259059	0.0861411	0.0309917	0.1393830	0.0955181	0.0371901	0.0553878	0.0823268	0.0499841	0.0295613	Healthy
0.0522272	0.0697224	0.0963848	0.0171078	0.0584893	0.0792770	0.0231117	0.0821175	0.0335055	0.1432540	0.0967721	0.0372498	0.0550678	0.0732731	0.0513880	0.0310523	Healthy
0.0550966	0.0731989	0.1066700	0.0159762	0.0549143	0.0825538	0.0247844	0.0813388	0.0324383	0.1329120	0.1007780	0.0360224	0.0544891	0.0738671	0.0457417	0.0292188	Pancreatic_Cancer
0.0488330	0.0760323	0.1097850	0.0169659	0.0613106	0.0785458	0.0219479	0.0833034	0.0309695	0.1360860	0.0994165	0.0389587	0.0551616	0.0739228	0.0452424	0.0235189	Bile_Duct_Cancer
0.0562002	0.0697609	0.1007270	0.0180344	0.0536838	0.0836712	0.0245352	0.0865371	0.0320844	0.1432270	0.0921292	0.0362086	0.0506081	0.0777296	0.0453656	0.0294981	Healthy
0.0474946	0.0776287	0.1047050	0.0166700	0.0508483	0.0752614	0.0215526	0.0803906	0.0310712	0.1470700	0.1023870	0.0358059	0.0543007	0.0746202	0.0518347	0.0283587	Ovarian_Cancer
0.0515394	0.0763505	0.1012180	0.0159017	0.0531747	0.0768016	0.0248675	0.0821022	0.0301116	0.1399570	0.1002590	0.0375550	0.0554302	0.0755611	0.0522161	0.0269539	Ovarian_Cancer
0.0571702	0.0796969	0.1118420	0.0204863	0.0537142	0.0755330	0.0246919	0.0804880	0.0336859	0.1394900	0.0956862	0.0366422	0.0465939	0.0702865	0.0468021	0.0271902	Pancreatic_Cancer
0.0541882	0.0771802	0.1103010	0.0166110	0.0553530	0.0792059	0.0228907	0.0868024	0.0280057	0.1418010	0.0965259	0.0368176	0.0508964	0.0705966	0.0479084	0.0249164	Lung_Cancer
0.0523069	0.0746978	0.0973970	0.0175179	0.0571799	0.0789539	0.0230693	0.0829632	0.0299778	0.1460650	0.0956699	0.0403405	0.0522453	0.0771034	0.0476807	0.0268320	Healthy
0.0501879	0.0822894	0.1135300	0.0177733	0.0522628	0.0723458	0.0238412	0.0765346	0.0337848	0.1410510	0.1018240	0.0364861	0.0510883	0.0698011	0.0490918	0.0281084	Breast_Cancer
0.0547392	0.0789218	0.1159980	0.0181977	0.0638867	0.0712826	0.0271993	0.0760023	0.0309946	0.1238810	0.0944920	0.0458836	0.0581452	0.0683632	0.0473433	0.0246691	Bile_Duct_Cancer
0.0480964	0.0739042	0.1063770	0.0175429	0.0586008	0.0753439	0.0239949	0.0796097	0.0320998	0.1414630	0.0980591	0.0351392	0.0541751	0.0787565	0.0503893	0.0264477	Healthy
0.0518362	0.0692090	0.1005650	0.0175847	0.0553672	0.0808616	0.0212571	0.0816384	0.0338277	0.1425850	0.0906780	0.0411017	0.0528249	0.0813559	0.0479520	0.0313559	Healthy
0.0558725	0.0753041	0.1069540	0.0191086	0.0523199	0.0828937	0.0229303	0.0861234	0.0326192	0.1373670	0.0916137	0.0357412	0.0493056	0.0727742	0.0496286	0.0294434	Colorectal_Cancer
0.0554837	0.0765003	0.1084450	0.0150026	0.0583290	0.0764356	0.0259959	0.0793456	0.0313632	0.1330190	0.1002970	0.0372478	0.0540610	0.0717796	0.0497284	0.0269659	Pancreatic_Cancer
0.0494842	0.0888357	0.1329770	0.0156595	0.0660280	0.0621960	0.0237288	0.0683493	0.0337878	0.1257180	0.1001470	0.0442520	0.0570007	0.0649226	0.0451363	0.0217760	Breast_Cancer
0.0568328	0.0809145	0.1098450	0.0201965	0.0508284	0.0866620	0.0220588	0.0878179	0.0287375	0.1450040	0.0967120	0.0346134	0.0449525	0.0693874	0.0418058	0.0236322	Ovarian_Cancer
0.0499915	0.0802415	0.1121560	0.0168501	0.0508540	0.0777753	0.0219161	0.0811041	0.0288286	0.1526840	0.1008460	0.0338582	0.0467964	0.0708749	0.0480113	0.0272129	Healthy
0.0503553	0.0765833	0.1090210	0.0173926	0.0575224	0.0741118	0.0240655	0.0759654	0.0331789	0.1376890	0.0990114	0.0396664	0.0539079	0.0746679	0.0500463	0.0268150	Pancreatic_Cancer
0.0471550	0.0794037	0.1119830	0.0151540	0.0557024	0.0731274	0.0234949	0.0753159	0.0320836	0.1367580	0.1024030	0.0380296	0.0543810	0.0745313	0.0527707	0.0277067	Breast_Cancer
0.0479831	0.0791314	0.1157690	0.0192339	0.0489183	0.0775049	0.0245608	0.0774236	0.0345641	0.1553350	0.1000330	0.0333848	0.0429001	0.0701041	0.0442827	0.0288712	Healthy
0.0505463	0.0780847	0.1113970	0.0172781	0.0586302	0.0725771	0.0248290	0.0792840	0.0322466	0.1347160	0.0976281	0.0426846	0.0552989	0.0698232	0.0481922	0.0267833	Breast_Cancer
0.0427859	0.0767595	0.1122520	0.0139176	0.0497144	0.0742677	0.0226693	0.0745108	0.0330619	0.1510880	0.1078770	0.0365868	0.0525100	0.0708035	0.0511122	0.0300839	Gastric_cancer
0.0492974	0.0768256	0.1073490	0.0177378	0.0575904	0.0750403	0.0218844	0.0806842	0.0309261	0.1452430	0.0988252	0.0388735	0.0530408	0.0713545	0.0490094	0.0263188	Healthy
0.0549267	0.0747071	0.1045330	0.0196106	0.0514177	0.0846681	0.0235441	0.0824325	0.0307035	0.1436980	0.0964401	0.0378063	0.0471730	0.0700379	0.0499745	0.0283264	Healthy
0.0504533	0.0768624	0.1024830	0.0172448	0.0561687	0.0774537	0.0234529	0.0789318	0.0306464	0.1410130	0.0950926	0.0387268	0.0558731	0.0791289	0.0479898	0.0284785	Bile_Duct_Cancer
0.0513679	0.0701767	0.1034480	0.0168139	0.0562838	0.0810772	0.0235110	0.0864919	0.0300655	0.1365060	0.0963950	0.0338416	0.0568538	0.0790111	0.0493730	0.0287831	Healthy
0.0507978	0.0769758	0.1021570	0.0155198	0.0557841	0.0832710	0.0219397	0.0822737	0.0282972	0.1424830	0.0943032	0.0364622	0.0576540	0.0812142	0.0469334	0.0239342	Healthy
0.0492731	0.0721729	0.1013770	0.0171105	0.0530040	0.0784768	0.0208414	0.0837514	0.0315194	0.1419010	0.0915991	0.0393670	0.0546764	0.0826579	0.0533256	0.0289464	Healthy
0.0532352	0.0795816	0.1089890	0.0181713	0.0487021	0.0801627	0.0246029	0.0807052	0.0340953	0.1473460	0.0975978	0.0329717	0.0457962	0.0678419	0.0487795	0.0314219	Healthy
0.0506036	0.0701977	0.1056250	0.0172761	0.0563331	0.0782453	0.0244927	0.0759710	0.0312281	0.1456440	0.0923286	0.0384885	0.0531840	0.0771956	0.0516533	0.0315343	Healthy
0.0498266	0.0744831	0.1026710	0.0183639	0.0548350	0.0815462	0.0208681	0.0852061	0.0269038	0.1462050	0.0975986	0.0373700	0.0529729	0.0757673	0.0471940	0.0281880	Breast_Cancer
0.0502753	0.0698348	0.0969284	0.0211533	0.0557085	0.0814981	0.0248479	0.0770067	0.0337583	0.1325700	0.0998986	0.0375978	0.0548392	0.0787453	0.0515793	0.0337583	Healthy
0.0487510	0.0771689	0.1011810	0.0160728	0.0564485	0.0745062	0.0230442	0.0812355	0.0333559	0.1428160	0.1009390	0.0397463	0.0508327	0.0752808	0.0493803	0.0292409	Pancreatic_Cancer
0.0546374	0.0772535	0.1085140	0.0185930	0.0602370	0.0831793	0.0228879	0.0806241	0.0308253	0.1372730	0.0905730	0.0372948	0.0505056	0.0736653	0.0467000	0.0272371	Colorectal_Cancer
0.0558755	0.0842286	0.1149630	0.0202126	0.0625761	0.0755344	0.0244213	0.0793000	0.0311219	0.1322410	0.0937535	0.0416990	0.0518884	0.0641267	0.0448555	0.0232030	Colorectal_Cancer
0.0555293	0.0852434	0.1143080	0.0209712	0.0539934	0.0795723	0.0202032	0.0840028	0.0288871	0.1453800	0.0952268	0.0342037	0.0473181	0.0661626	0.0438327	0.0251654	Colorectal_Cancer
0.0491024	0.0723337	0.1003830	0.0174894	0.0508184	0.0815734	0.0242212	0.0817054	0.0321410	0.1434130	0.0983369	0.0362328	0.0564282	0.0758976	0.0500924	0.0298310	Healthy
0.0499305	0.0744323	0.0992238	0.0171455	0.0560125	0.0774444	0.0225904	0.0785449	0.0300046	0.1433040	0.0987025	0.0367817	0.0557808	0.0802247	0.0512048	0.0286724	Healthy
0.0498386	0.0764408	0.1086680	0.0205164	0.0519594	0.0820655	0.0230060	0.0855694	0.0316275	0.1510830	0.0951591	0.0309820	0.0479945	0.0696634	0.0468880	0.0285385	Healthy
0.0517560	0.0718577	0.1055910	0.0172135	0.0525069	0.0798290	0.0226433	0.0796557	0.0302103	0.1515130	0.1001620	0.0358711	0.0472505	0.0747458	0.0508318	0.0283618	Healthy
0.0486270	0.0711527	0.0968965	0.0162328	0.0527746	0.0775172	0.0259582	0.0831665	0.0335383	0.1489560	0.0991848	0.0333238	0.0494851	0.0805921	0.0517019	0.0308924	Healthy
0.0505843	0.0724247	0.1049420	0.0178410	0.0561313	0.0772066	0.0225534	0.0811713	0.0330910	0.1397370	0.0971691	0.0393163	0.0545837	0.0755721	0.0492801	0.0283960	Healthy
0.0535829	0.0745455	0.1077010	0.0190374	0.0550802	0.0728342	0.0252406	0.0758289	0.0339037	0.1422460	0.0944385	0.0343316	0.0555080	0.0770053	0.0483422	0.0303743	Healthy
0.0495335	0.0760857	0.1112780	0.0192950	0.0546596	0.0798871	0.0236148	0.0819030	0.0316784	0.1436470	0.0992397	0.0385900	0.0484967	0.0694620	0.0467112	0.0259187	Healthy
0.0540252	0.0733381	0.1043400	0.0205326	0.0523480	0.0860947	0.0268855	0.0795893	0.0381683	0.1400690	0.0927018	0.0334418	0.0473674	0.0733889	0.0469608	0.0307481	Gastric_cancer
0.0511441	0.0765949	0.1114020	0.0185670	0.0525015	0.0744134	0.0224452	0.0741710	0.0322862	0.1422340	0.0992341	0.0382490	0.0514834	0.0762556	0.0510471	0.0279717	Breast_Cancer
0.0505844	0.0755820	0.1076020	0.0169433	0.0578529	0.0688537	0.0248011	0.0750417	0.0321678	0.1455160	0.0981731	0.0372753	0.0525980	0.0788233	0.0506826	0.0275022	Healthy
0.0491158	0.0742223	0.1041050	0.0163289	0.0577643	0.0733832	0.0235575	0.0749968	0.0334968	0.1467020	0.0950691	0.0427262	0.0545372	0.0751259	0.0478250	0.0310443	Lung_Cancer
0.0510558	0.0718038	0.1055260	0.0180166	0.0543124	0.0822565	0.0241097	0.0843051	0.0296775	0.1410860	0.0934972	0.0369787	0.0548377	0.0754806	0.0492699	0.0277865	Ovarian_Cancer
0.0472403	0.0739335	0.1080380	0.0152446	0.0568812	0.0836346	0.0213304	0.0552543	0.0282598	0.1605810	0.0953242	0.0429019	0.0604965	0.0897204	0.0325982	0.0285611	Gastric_cancer
0.0504932	0.0775450	0.1034270	0.0182549	0.0513577	0.0803926	0.0221702	0.0840537	0.0326452	0.1519880	0.0975796	0.0365097	0.0452558	0.0736296	0.0466287	0.0280687	Ovarian_Cancer
0.0505973	0.0781579	0.1062680	0.0159654	0.0542208	0.0776968	0.0229708	0.0830771	0.0319088	0.1400650	0.0984276	0.0369378	0.0524859	0.0740733	0.0497189	0.0274288	Healthy
0.0523368	0.0700464	0.1046170	0.0187847	0.0532421	0.0782505	0.0289691	0.0686885	0.0397759	0.1417340	0.0956207	0.0344574	0.0534684	0.0750820	0.0496775	0.0352495	Gastric_cancer
0.0530454	0.0745035	0.1052910	0.0160602	0.0611089	0.0777689	0.0233240	0.0803679	0.0303878	0.1350790	0.0977609	0.0368519	0.0557777	0.0762362	0.0505131	0.0259230	Bile_Duct_Cancer
0.0482190	0.0841502	0.1137300	0.0163261	0.0527751	0.0707925	0.0219522	0.0786967	0.0305467	0.1519400	0.1031000	0.0341364	0.0482190	0.0705509	0.0475286	0.0273367	Healthy
0.0545635	0.0724206	0.1064810	0.0180225	0.0618386	0.0735780	0.0214947	0.0816799	0.0289352	0.1327710	0.0993717	0.0391865	0.0603505	0.0795304	0.0446429	0.0251323	Lung_Cancer
0.0584994	0.0721704	0.1014200	0.0188639	0.0492794	0.0861594	0.0208775	0.0925180	0.0260704	0.1438110	0.0912463	0.0395295	0.0490674	0.0763035	0.0467359	0.0274481	Lung_Cancer
0.0556734	0.0804613	0.1097560	0.0193973	0.0506805	0.0818310	0.0203252	0.0862937	0.0267762	0.1472250	0.1014490	0.0348180	0.0468805	0.0689731	0.0447154	0.0247437	Colorectal_Cancer
0.0550406	0.0742033	0.1036760	0.0214539	0.0521766	0.0827953	0.0222350	0.0856592	0.0306707	0.1403350	0.0937305	0.0350448	0.0502499	0.0748802	0.0488961	0.0289523	Healthy
0.0554058	0.0814995	0.1127250	0.0183526	0.0535357	0.0733235	0.0230930	0.0768026	0.0317039	0.1414720	0.0965904	0.0362268	0.0519701	0.0728886	0.0472297	0.0271810	Lung_Cancer
0.0544416	0.0754114	0.1060870	0.0164563	0.0492890	0.0818821	0.0242451	0.0812830	0.0332721	0.1438730	0.0958220	0.0365474	0.0500080	0.0713373	0.0504873	0.0295574	Lung_Cancer
0.0532541	0.0750853	0.1033890	0.0190656	0.0537837	0.0782041	0.0251265	0.0789102	0.0357773	0.1373430	0.0960927	0.0360127	0.0546075	0.0717900	0.0518418	0.0297164	Healthy
0.0542208	0.0792743	0.1097990	0.0160030	0.0502304	0.0752016	0.0242307	0.0815781	0.0288794	0.1464950	0.0973753	0.0364078	0.0518759	0.0725276	0.0505595	0.0253415	Breast_Cancer
0.0599147	0.0811087	0.1246060	0.0231130	0.0601279	0.0744563	0.0310874	0.0679318	0.0518124	0.1243070	0.0899360	0.0391471	0.0471642	0.0586780	0.0381237	0.0284861	Lung_Cancer
0.0488330	0.0774593	0.1078220	0.0164865	0.0529710	0.0767935	0.0223606	0.0792868	0.0299838	0.1517600	0.1012430	0.0341087	0.0498512	0.0729689	0.0494204	0.0286524	Healthy
0.0498859	0.0785784	0.1097570	0.0160988	0.0514754	0.0756847	0.0211933	0.0780486	0.0299560	0.1548340	0.0983860	0.0352136	0.0473997	0.0750734	0.0510271	0.0273883	Healthy
0.0477210	0.0799429	0.1078820	0.0170287	0.0564393	0.0763740	0.0234526	0.0756602	0.0301825	0.1489240	0.1033960	0.0390028	0.0518507	0.0737229	0.0443051	0.0241154	Pancreatic_Cancer
0.0583881	0.0758655	0.1086500	0.0180341	0.0606702	0.0764778	0.0258822	0.0828231	0.0328955	0.1358120	0.0913949	0.0376823	0.0507069	0.0703551	0.0478682	0.0264945	Lung_Cancer
0.0511763	0.0791634	0.1120900	0.0170499	0.0538595	0.0765069	0.0229849	0.0788969	0.0319053	0.1461460	0.0992874	0.0358945	0.0491862	0.0710783	0.0479778	0.0267965	Healthy
0.0520336	0.0833695	0.1085180	0.0177667	0.0554711	0.0809451	0.0217108	0.0803300	0.0281155	0.1448830	0.0903170	0.0371617	0.0524678	0.0754089	0.0445433	0.0269576	Healthy
0.0597052	0.0831093	0.1190120	0.0192212	0.0525844	0.0764366	0.0221591	0.0853003	0.0290808	0.1413700	0.0977990	0.0351061	0.0455632	0.0666766	0.0441191	0.0227567	Colorectal_Cancer
0.0543419	0.0745417	0.1028100	0.0212427	0.0516522	0.0834889	0.0252498	0.0824459	0.0329894	0.1454610	0.0955099	0.0354594	0.0489626	0.0750906	0.0444615	0.0262927	Healthy
0.0544965	0.0684487	0.0958005	0.0197541	0.0549800	0.0858544	0.0237602	0.0869595	0.0319796	0.1375190	0.0943500	0.0376433	0.0529079	0.0797071	0.0468987	0.0289405	Healthy
0.0537812	0.0792824	0.1120650	0.0163208	0.0510728	0.0759761	0.0245515	0.0755892	0.0338023	0.1505100	0.0979951	0.0359128	0.0496307	0.0703482	0.0449877	0.0281745	Healthy
0.0540041	0.0764473	0.1009310	0.0167049	0.0485845	0.0904106	0.0246748	0.0683499	0.0396583	0.1450520	0.0862025	0.0376180	0.0524101	0.0773400	0.0457791	0.0358327	Gastric_cancer
0.0507941	0.0806065	0.1133050	0.0168287	0.0539773	0.0743314	0.0220884	0.0795569	0.0306795	0.1467920	0.0991238	0.0365211	0.0491283	0.0739207	0.0473028	0.0250434	Healthy
0.0534250	0.0753739	0.1046790	0.0175470	0.0542692	0.0820671	0.0239990	0.0804390	0.0338881	0.1410400	0.0981669	0.0372648	0.0530029	0.0670526	0.0496261	0.0281597	Healthy
0.0539483	0.0860752	0.1268620	0.0177241	0.0607462	0.0719829	0.0253601	0.0768562	0.0326856	0.1272040	0.0965359	0.0414701	0.0534207	0.0647194	0.0431773	0.0212317	Colorectal_Cancer
0.0543424	0.0758277	0.1028980	0.0176109	0.0545436	0.0827211	0.0250579	0.0846332	0.0352219	0.1342460	0.0973634	0.0348697	0.0522290	0.0736138	0.0474992	0.0273221	Pancreatic_Cancer
0.0460283	0.0778171	0.1100290	0.0170490	0.0534175	0.0751616	0.0240917	0.0751616	0.0320967	0.1541720	0.1034870	0.0356758	0.0476832	0.0750077	0.0458744	0.0272475	Healthy
0.0506460	0.0855592	0.1216610	0.0157724	0.0673694	0.0609099	0.0261156	0.0692320	0.0347151	0.1299440	0.0970516	0.0457319	0.0603947	0.0683601	0.0441864	0.0223508	Lung_Cancer
0.0465734	0.0747466	0.1009890	0.0158663	0.0578547	0.0792109	0.0252172	0.0805985	0.0308277	0.1481660	0.0980333	0.0383687	0.0561052	0.0751086	0.0450652	0.0272683	Healthy
0.0873969	0.0592462	0.1262070	0.0392815	0.0374558	0.1257950	0.0453475	0.0444052	0.0920495	0.1052410	0.0595406	0.0243816	0.0339812	0.0390459	0.0244405	0.0561837	Gastric_cancer
0.0526748	0.0724449	0.0999453	0.0193597	0.0515118	0.0846217	0.0246272	0.0789438	0.0334519	0.1407850	0.0945410	0.0374196	0.0490491	0.0784649	0.0507593	0.0313996	Healthy
0.0478399	0.0784110	0.1114230	0.0180620	0.0554064	0.0715768	0.0237369	0.0751770	0.0339273	0.1464490	0.0959849	0.0381377	0.0485721	0.0755431	0.0491823	0.0305711	Breast_Cancer
0.0531250	0.0754972	0.1092330	0.0173651	0.0512784	0.0774858	0.0231889	0.0824219	0.0322443	0.1464130	0.0993963	0.0341974	0.0491122	0.0711293	0.0506747	0.0272372	Healthy
0.0598468	0.0675055	0.1000000	0.0191466	0.0554705	0.0820569	0.0246171	0.0890591	0.0288840	0.1429980	0.0946389	0.0380744	0.0462801	0.0739606	0.0481400	0.0293217	Lung_Cancer
0.0514948	0.0727990	0.1183500	0.0187735	0.0586747	0.0788018	0.0220104	0.0544962	0.0396657	0.1503650	0.0946328	0.0391361	0.0579096	0.0788606	0.0335452	0.0304849	Gastric_cancer
0.0540443	0.0739036	0.1090190	0.0178424	0.0517687	0.0824886	0.0223935	0.0821266	0.0309785	0.1463590	0.0997104	0.0363053	0.0461316	0.0720935	0.0464419	0.0283926	Healthy
0.0479597	0.0816405	0.1134080	0.0174292	0.0560561	0.0738680	0.0226108	0.0773420	0.0284991	0.1455570	0.1028970	0.0358888	0.0501384	0.0759878	0.0457811	0.0249367	Gastric_cancer
0.0474922	0.0771801	0.1027240	0.0184386	0.0525670	0.0795060	0.0220756	0.0816206	0.0294342	0.1501310	0.1014550	0.0318024	0.0511292	0.0736277	0.0504102	0.0304068	Breast_Cancer
