kmer	count
AAAAAA	0.325342
AAAAAC	0.208816
AAAAAG	0.318043
AAAAAT	0.148993
AAAACA	0.340293
AAAACC	0.638543
AAAACG	0.216186
AAAACT	0.636084
AAAAGA	0.690606
AAAAGC	0.354029
AAAAGG	0.526414
AAAAGT	0.336372
AAAATA	0.181739
AAAATC	0.29745
AAAATG	0.252492
AAAATT	0.206212
AAACAA	0.996724
AAACAC	0.995611
AAACAG	0.769221
AAACAT	0.699694
AAACCA	1.24555
AAACCC	2.13396
AAACCG	0.563802
AAACCT	1.94567
AAACGA	0.918792
AAACGC	0.65111
AAACGG	0.277954
AAACGT	0.778269
AAACTA	0.776966
AAACTC	0.642259
AAACTG	0.699502
AAACTT	0.757475
AAAGAA	0.538314
AAAGAC	0.622407
AAAGAG	0.14381
AAAGAT	0.578838
AAAGCA	1.07275
AAAGCC	0.775988
AAAGCG	0
AAAGCT	0.998536
AAAGGA	0.711771
AAAGGC	0.404604
AAAGGG	0.444793
AAAGGT	0.538454
AAAGTA	0.319579
AAAGTC	0.322697
AAAGTG	0.197471
AAAGTT	0.221247
AAATAA	0.314017
AAATAC	0.590651
AAATAG	0.625771
AAATAT	0.561483
AAATCA	0.542237
AAATCC	0.514807
AAATCG	0.226551
AAATCT	0.50999
AAATGA	0.865077
AAATGC	0.559565
AAATGG	0.504983
AAATGT	0.68434
AAATTA	0.283513
AAATTC	0.197668
AAATTG	0.53064
AAATTT	0.117292
AACAAA	0.0798949
AACAAC	0.165382
AACAAG	0.221494
AACAAT	0.0865875
AACACA	0.413456
AACACC	0.612526
AACACG	0.138977
AACACT	1.05004
AACAGA	0.171677
AACAGC	0.235419
AACAGG	0.127709
AACAGT	0.599831
AACATA	0.112505
AACATC	0
AACATG	0
AACATT	0.425878
AACCAA	0.75174
AACCAC	0.576916
AACCAG	0.510833
AACCAT	1.07192
AACCCA	1.39845
AACCCC	1.36074
AACCCG	0.821772
AACCCT	1.1666
AACCGA	0.226551
AACCGC	0
AACCGG	0.416931
AACCGT	0.501158
AACCTA	0.787536
AACCTC	0.482364
AACCTG	0.461225
AACCTT	0.507306
AACGAA	0
AACGAC	0
AACGAG	0
AACGAT	0
AACGCA	0.170497
AACGCC	0.174087
AACGCG	0.232933
AACGCT	0.726956
AACGGA	0.644345
AACGGC	0.453102
AACGGG	0.264612
AACGGT	0.987356
AACGTA	0
AACGTC	0.508869
AACGTG	0
AACGTT	0.590651
AACTAA	0.626446
AACTAC	0.285141
AACTAG	0.154563
AACTAT	0.389135
AACTCA	0.559263
AACTCC	0.470838
AACTCG	0.201686
AACTCT	0.272608
AACTGA	0.281501
AACTGC	0.244407
AACTGG	0.363478
AACTGT	0.238531
AACTTA	0.145072
AACTTC	0.0787534
AACTTG	0.175939
AACTTT	0.403373
AAGAAA	0.166214
AAGAAC	0.162938
AAGAAG	0.199255
AAGAAT	0.199256
AAGACA	0.219533
AAGACC	0.428451
AAGACG	0.557469
AAGACT	1.12296
AAGAGA	0.263347
AAGAGC	0.11898
AAGAGG	0.335801
AAGAGT	0.845706
AAGATA	0.223489
AAGATC	0
AAGATG	0
AAGATT	0
AAGCAA	1.1771
AAGCAC	0.910359
AAGCAG	0.379705
AAGCAT	1.00232
AAGCCA	0.883348
AAGCCC	0.743292
AAGCCG	0.787532
AAGCCT	1.30409
AAGCGA	0.585422
AAGCGC	1.3668
AAGCGG	0.38165
AAGCGT	1.89008
AAGCTA	0.520888
AAGCTC	0.303454
AAGCTG	0.452414
AAGCTT	0.506274
AAGGAA	0.53812
AAGGAC	0.694883
AAGGAG	0.390053
AAGGAT	0.451864
AAGGCA	0.566731
AAGGCC	0.942348
AAGGCG	0.504213
AAGGCT	0.988131
AAGGGA	0.625771
AAGGGC	0.766991
AAGGGG	0.287265
AAGGGT	0.685919
AAGGTA	0
AAGGTC	0.240847
AAGGTG	0.201686
AAGGTT	0.446979
AAGTAA	0.561978
AAGTAC	0.65111
AAGTAG	1.25606
AAGTAT	0
AAGTCA	0.486419
AAGTCC	0.16456
AAGTCG	0
AAGTCT	0.661528
AAGTGA	0.742533
AAGTGC	0.697013
AAGTGG	0.491842
AAGTGT	0.583704
AAGTTA	0.178792
AAGTTC	0
AAGTTG	0.217609
AAGTTT	0.0751738
AATAAA	0.281501
AATAAC	0
AATAAG	0.302527
AATAAT	0.0628831
AATACA	0.373044
AATACC	0.772815
AATACG	0.312042
AATACT	0.887959
AATAGA	0.497391
AATAGC	0.390666
AATAGG	0.122506
AATAGT	0.167052
AATATA	0.110995
AATATC	0.134457
AATATG	0
AATATT	0.118554
AATCAA	0.46196
AATCAC	0.859128
AATCAG	0.294012
AATCAT	1.0482
AATCCA	1.21941
AATCCC	1.31929
AATCCG	0.206728
AATCCT	1.77195
AATCGA	0.826912
AATCGC	0.38461
AATCGG	0
AATCGT	0.806743
AATCTA	0.459395
AATCTC	0.324279
AATCTG	0.417632
AATCTT	0.217609
AATGAA	0.334106
AATGAC	0.413455
AATGAG	0.226551
AATGAT	0.520069
AATGCA	0.675031
AATGCC	0.783391
AATGCG	0
AATGCT	1.19266
AATGGA	0.416931
AATGGC	0.513608
AATGGG	0.49054
AATGGT	0.646023
AATGTA	0.492209
AATGTC	0.504213
AATGTG	0
AATGTT	0.501159
AATTAA	0.469168
AATTAC	0.332985
AATTAG	0.465867
AATTAT	0.596739
AATTCA	0.222487
AATTCC	0.396918
AATTCG	0
AATTCT	0.272234
AATTGA	0.396917
AATTGC	0.110995
AATTGG	0.339825
AATTGT	0.586462
AATTTA	0.400119
AATTTC	0.147663
AATTTG	0
AATTTT	0.133732
ACAAAA	1.01107
ACAAAC	0.664186
ACAAAG	0.529695
ACAAAT	0.793833
ACAACA	1.11745
ACAACC	1.83758
ACAACG	0.262512
ACAACT	1.10995
ACAAGA	0.707516
ACAAGC	0.602955
ACAAGG	0.76437
ACAAGT	0.771786
ACAATA	0.74609
ACAATC	0.442987
ACAATG	0.657769
ACAATT	0.636084
ACACAA	1.52763
ACACAC	1.25713
ACACAG	1.54607
ACACAT	1.87084
ACACCA	3.51048
ACACCC	3.31995
ACACCG	2.38696
ACACCT	4.13454
ACACGA	1.19842
ACACGC	1.74087
ACACGG	1.67966
ACACGT	3.17399
ACACTA	1.99256
ACACTC	0.700029
ACACTG	1.58412
ACACTT	1.81999
ACAGAA	1.35724
ACAGAC	1.40041
ACAGAG	0.534723
ACAGAT	0.93173
ACAGCA	1.71957
ACAGCC	2.18889
ACAGCG	0.365486
ACAGCT	1.51827
ACAGGA	1.31866
ACAGGC	1.33314
ACAGGG	1.15568
ACAGGT	0.972835
ACAGTA	0.324279
ACAGTC	0.47252
ACAGTG	0.50116
ACAGTT	0.587654
ACATAA	2.14618
ACATAC	2.13855
ACATAG	1.2943
ACATAT	1.3668
ACATCA	1.15873
ACATCC	1.09693
ACATCG	0.612528
ACATCT	1.50347
ACATGA	1.62139
ACATGC	2.78842
ACATGG	1.55741
ACATGT	2.33361
ACATTA	0.599211
ACATTC	0.609703
ACATTG	0.416931
ACATTT	0.483261
ACCAAA	0.329119
ACCAAC	0.416055
ACCAAG	0.228639
ACCAAT	0.148993
ACCACA	0.266745
ACCACC	1.14289
ACCACG	0.603585
ACCACT	1.26469
ACCAGA	0.411399
ACCAGC	0.26113
ACCAGG	0.468506
ACCAGT	0.918787
ACCATA	0.429564
ACCATC	0.205444
ACCATG	0.104672
ACCATT	0.617099
ACCCAA	1.16846
ACCCAC	0.738823
ACCCAG	0.709796
ACCCAT	1.14495
ACCCCA	1.63053
ACCCCC	2.27971
ACCCCG	1.30878
ACCCCT	1.78922
ACCCGA	0.981084
ACCCGC	0.814691
ACCCGG	0.893959
ACCCGT	0.763302
ACCCTA	0.416931
ACCCTC	0.321132
ACCCTG	0.409362
ACCCTT	0.838343
ACCGAA	0.229698
ACCGAC	0.902084
ACCGAG	0.410039
ACCGAT	0.570285
ACCGCA	0.64856
ACCGCC	0.996281
ACCGCG	0.21905
ACCGCT	1.11494
ACCGGA	0.93173
ACCGGC	0.213397
ACCGGG	0.258409
ACCGGT	1.29205
ACCGTA	0.459395
ACCGTC	0.403371
ACCGTG	0.297986
ACCGTT	0.295326
ACCTAA	1.63892
ACCTAC	1.48658
ACCTAG	0.700774
ACCTAT	1.35931
ACCTCA	0.512813
ACCTCC	0.29837
ACCTCG	0.101461
ACCTCT	1.31256
ACCTGA	2.02051
ACCTGC	0.932422
ACCTGG	0.862536
ACCTGT	1.46356
ACCTTA	0.396917
ACCTTC	0.138977
ACCTTG	0.587654
ACCTTT	0.601389
ACGAAA	0.740517
ACGAAC	1.37818
ACGAAG	0.41869
ACGAAT	0.337515
ACGACA	0.82691
ACGACC	0.992292
ACGACG	0
ACGACT	0.67503
ACGAGA	0.424057
ACGAGC	0.459395
ACGAGG	0.282704
ACGAGT	0.459395
ACGATA	0
ACGATC	0
ACGATG	0.217608
ACGATT	0
ACGCAA	0.954127
ACGCAC	0.290144
ACGCAG	0.522261
ACGCAT	1.61348
ACGCCA	1.35313
ACGCCC	1.66972
ACGCCG	2.04176
ACGCCT	2.9661
ACGCGA	0.403371
ACGCGC	0.835261
ACGCGG	0.512812
ACGCGT	0.826912
ACGCTA	1.57507
ACGCTC	0.160566
ACGCTG	0.429564
ACGCTT	0.797022
ACGGAA	1.25607
ACGGAC	1.39479
ACGGAG	0.102088
ACGGAT	0.359527
ACGGCA	1.55653
ACGGCC	1.70633
ACGGCG	1.09215
ACGGCT	1.14621
ACGGGA	1.24037
ACGGGC	0.97284
ACGGGG	0.263557
ACGGGT	1.27217
ACGGTA	0
ACGGTC	0.246839
ACGGTG	0.113275
ACGGTT	0.254435
ACGTAA	2.06728
ACGTAC	2.54434
ACGTAG	0.954127
ACGTAT	2.8762
ACGTCA	1.1813
ACGTCC	1.25834
ACGTCG	0
ACGTCT	0.551275
ACGTGA	1.33642
ACGTGC	1.99072
ACGTGG	0.510438
ACGTGT	1.65383
ACGTTA	0
ACGTTC	0.306264
ACGTTG	0
ACGTTT	0.321132
ACTAAA	0.812143
ACTAAC	0.545216
ACTAAG	0.92738
ACTAAT	0.961524
ACTACA	1.73478
ACTACC	2.2051
ACTACG	0
ACTACT	2.31534
ACTAGA	0.724305
ACTAGC	1.19554
ACTAGG	1.04177
ACTAGT	1.37818
ACTATA	0.290144
ACTATC	1.60048
ACTATG	0.652824
ACTATT	0.972839
ACTCAA	2.4751
ACTCAC	2.25127
ACTCAG	1.76408
ACTCAT	2.54434
ACTCCA	3.58092
ACTCCC	4.18756
ACTCCG	0.870435
ACTCCT	3.24483
ACTCGA	2.51668
ACTCGC	2.52938
ACTCGG	1.21011
ACTCGT	1.16058
ACTCTA	1.08194
ACTCTC	0.484047
ACTCTG	0.691492
ACTCTT	1.39876
ACTGAA	1.40908
ACTGAC	0.9062
ACTGAG	0.647581
ACTGAT	0.987357
ACTGCA	1.4842
ACTGCC	2.75637
ACTGCG	0.504982
ACTGCT	2.01686
ACTGGA	1.68625
ACTGGC	1.47137
ACTGGG	1.41626
ACTGGT	2.06728
ACTGTA	0.396917
ACTGTC	1.21222
ACTGTG	0.324278
ACTGTT	1.34521
ACTTAA	1.88692
ACTTAC	3.47301
ACTTAG	0.88372
ACTTAT	1.87546
ACTTCA	0.762131
ACTTCC	0.918791
ACTTCG	0.199256
ACTTCT	1.01551
ACTTGA	2.10947
ACTTGC	2.90672
ACTTGG	1.99599
ACTTGT	2.51669
ACTTTA	0.373744
ACTTTC	0.465867
ACTTTG	0.333624
ACTTTT	0.556843
AGAAAA	0.613514
AGAAAC	0.450019
AGAAAG	0.263033
AGAAAT	0.212028
AGAACA	0.38019
AGAACC	0.50999
AGAACG	0.51149
AGAACT	0.277953
AGAAGA	1.14572
AGAAGC	0.437778
AGAAGG	0.463687
AGAAGT	0.588024
AGAATA	0.184784
AGAATC	0.210231
AGAATG	0.281501
AGAATT	0.185822
AGACAA	0.806743
AGACAC	1.54826
AGACAG	0.787534
AGACAT	1.64355
AGACCA	1.83122
AGACCC	2.5601
AGACCG	0.972839
AGACCT	2.86238
AGACGA	2.75637
AGACGC	1.79484
AGACGG	1.05243
AGACGT	1.55653
AGACTA	0.918792
AGACTC	0.803475
AGACTG	0.833858
AGACTT	1.01631
AGAGAA	0.649307
AGAGAC	1.12761
AGAGAG	0.530472
AGAGAT	0.427186
AGAGCA	1.38216
AGAGCC	0.89924
AGAGCG	0.184784
AGAGCT	1.17806
AGAGGA	0.846142
AGAGGC	0.67641
AGAGGG	0.743291
AGAGGT	0.721467
AGAGTA	0.725359
AGAGTC	0.324279
AGAGTG	0.448712
AGAGTT	0.522261
AGATAA	0.914174
AGATAC	1.06209
AGATAG	0.439067
AGATAT	0.972843
AGATCA	0.697396
AGATCC	0.578838
AGATCG	0.134457
AGATCT	0.501159
AGATGA	1.22203
AGATGC	0.263907
AGATGG	0.716657
AGATGT	1.19443
AGATTA	0.351877
AGATTC	0.0852485
AGATTG	0
AGATTT	0.636087
AGCAAA	0.25522
AGCAAC	0.355661
AGCAAG	0.0507308
AGCAAT	0.636087
AGCACA	0.636087
AGCACC	1.20856
AGCACG	0.137819
AGCACT	1.10606
AGCAGA	0.437519
AGCAGC	0.501158
AGCAGG	0.183081
AGCAGT	0.356427
AGCATA	0.306264
AGCATC	0.504213
AGCATG	0.278733
AGCATT	0.353759
AGCCAA	1.08093
AGCCAC	0.781657
AGCCAG	0.618501
AGCCAT	1.31554
AGCCCA	1.19893
AGCCCC	1.47474
AGCCCG	0.427186
AGCCCT	1.57167
AGCCGA	0.560618
AGCCGC	0.633868
AGCCGG	0.478599
AGCCGT	0.677797
AGCCTA	0.644348
AGCCTC	0.412719
AGCCTG	0.719052
AGCCTT	0.821433
AGCGAA	0.371647
AGCGAC	0.612526
AGCGAG	0.259762
AGCGAT	1.36397
AGCGCA	0.728097
AGCGCC	0.92614
AGCGCG	0.24321
AGCGCT	1.37003
AGCGGA	0.403371
AGCGGC	0.630696
AGCGGG	0.305133
AGCGGT	1.19348
AGCGTA	0
AGCGTC	0
AGCGTG	0.446977
AGCGTT	0.563802
AGCTAA	0.990315
AGCTAC	0.442198
AGCTAG	0.234585
AGCTAT	1.26006
AGCTCA	0.46423
AGCTCC	0.650571
AGCTCG	0.468063
AGCTCT	0.70676
AGCTGA	0.472522
AGCTGC	0.387614
AGCTGG	0.469695
AGCTGT	0.714276
AGCTTA	0.459395
AGCTTC	0.186521
AGCTTG	0.0680587
AGCTTT	0.29745
AGGAAA	0.370258
AGGAAC	0.270012
AGGAAG	0.0639777
AGGAAT	0.335235
AGGACA	0.501158
AGGACC	0.846445
AGGACG	0.111745
AGGACT	1.2186
AGGAGA	0.259763
AGGAGC	0.613864
AGGAGG	0.219976
AGGAGT	0.457805
AGGATA	0
AGGATC	0.240847
AGGATG	0.122961
AGGATT	0.270012
AGGCAA	1.16812
AGGCAC	0.839252
AGGCAG	0.359039
AGGCAT	0.776444
AGGCCA	1.47993
AGGCCC	1.66928
AGGCCG	0.766991
AGGCCT	1.64999
AGGCGA	0.469169
AGGCGC	0.453102
AGGCGG	0.598669
AGGCGT	1.11978
AGGCTA	0.601393
AGGCTC	0.40239
AGGCTG	0.468063
AGGCTT	0.58439
AGGGAA	0.522948
AGGGAC	1.0249
AGGGAG	0.385137
AGGGAT	0.681349
AGGGCA	0.614042
AGGGCC	1.09152
AGGGCG	0.260855
AGGGCT	1.31594
AGGGGA	0.668212
AGGGGC	0.698798
AGGGGG	0.163421
AGGGGT	1.17368
AGGGTA	0.24684
AGGGTC	0.628831
AGGGTG	0.11898
AGGGTT	0.815785
AGGTAA	0.53064
AGGTAC	0.129205
AGGTAG	0.536956
AGGTAT	1.00232
AGGTCA	0.211351
AGGTCC	0.193053
AGGTCG	0.287621
AGGTCT	0.442989
AGGTGA	0.910361
AGGTGC	0.38979
AGGTGG	0.496458
AGGTGT	0.715941
AGGTTA	0.223489
AGGTTC	0.0898818
AGGTTG	0.199256
AGGTTT	0.47641
AGTAAA	0.353381
AGTAAC	0.656278
AGTAAG	0.462607
AGTAAT	0.798396
AGTACA	0.574243
AGTACC	1.39107
AGTACG	0
AGTACT	1.95452
AGTAGA	0.46196
AGTAGC	0.879693
AGTAGG	0.306262
AGTAGT	1.40419
AGTATA	0.375869
AGTATC	0.644345
AGTATG	0.51149
AGTATT	0.446977
AGTCAA	1.65382
AGTCAC	1.57067
AGTCAG	0.751738
AGTCAT	1.79484
AGTCCA	2.99334
AGTCCC	3.26742
AGTCCG	1.67475
AGTCCT	4.29235
AGTCGA	0.954127
AGTCGC	0.563802
AGTCGG	0.703754
AGTCGT	1.79763
AGTCTA	0.816702
AGTCTC	0.344546
AGTCTG	0.283918
AGTCTT	1.44922
AGTGAA	1.01551
AGTGAC	1.44922
AGTGAG	0.363476
AGTGAT	0.962541
AGTGCA	1.32306
AGTGCC	2.0597
AGTGCG	0
AGTGCT	2.4163
AGTGGA	0.823477
AGTGGC	1.03364
AGTGGG	0.549865
AGTGGT	1.15383
AGTGTA	0.802829
AGTGTC	0.955967
AGTGTG	0.193053
AGTGTT	1.29517
AGTTAA	1.1813
AGTTAC	0.555908
AGTTAG	0.48642
AGTTAT	1.00231
AGTTCA	0.38461
AGTTCC	0.565408
AGTTCG	0.174087
AGTTCT	0.606906
AGTTGA	0.904433
AGTTGC	0.815264
AGTTGG	0.855424
AGTTGT	1.5266
AGTTTA	0.184784
AGTTTC	0.281501
AGTTTG	0.16214
AGTTTT	0.0560618
ATAAAA	0.931107
ATAAAC	0.673067
ATAAAG	1.09693
ATAAAT	0.638316
ATAACA	1.66492
ATAACC	2.91852
ATAACG	0.486419
ATAACT	1.91352
ATAAGA	1.09344
ATAAGC	0.806742
ATAAGG	0.656278
ATAAGT	1.30076
ATAATA	0.407345
ATAATC	0.565407
ATAATG	0.451042
ATAATT	0.442198
ATACAA	1.23075
ATACAC	1.34457
ATACAG	1.47258
ATACAT	1.81076
ATACCA	4.49409
ATACCC	3.04152
ATACCG	0.636087
ATACCT	1.73258
ATACGA	3.50811
ATACGC	1.65382
ATACGG	2.66746
ATACGT	3.30765
ATACTA	1.32306
ATACTC	1.24037
ATACTG	0.585422
ATACTT	2.19738
ATAGAA	1.02562
ATAGAC	0.493679
ATAGAG	0.918793
ATAGAT	1.14621
ATAGCA	0.765659
ATAGCC	2.3626
ATAGCG	0.44698
ATAGCT	2.40556
ATAGGA	1.38977
ATAGGC	2.48073
ATAGGG	1.30565
ATAGGT	2.97318
ATAGTA	0.70878
ATAGTC	1.22505
ATAGTG	0.375869
ATAGTT	0.711321
ATATAA	2.41434
ATATAC	0.918792
ATATAG	1.03364
ATATAT	1.45673
ATATCA	2.06727
ATATCC	1.12761
ATATCG	0
ATATCT	2.67284
ATATGA	2.09345
ATATGC	1.87934
ATATGG	1.12396
ATATGT	2.19533
ATATTA	0.632035
ATATTC	0
ATATTG	0.321132
ATATTT	0.68037
ATCAAA	0.208028
ATCAAC	1.59022
ATCAAG	0.729631
ATCAAT	1.0155
ATCACA	1.34822
ATCACC	1.20278
ATCACG	0.167052
ATCACT	2.21646
ATCAGA	1.27872
ATCAGC	0.615785
ATCAGG	0.539292
ATCAGT	1.24603
ATCATA	0.371647
ATCATC	0.885977
ATCATG	0.150348
ATCATT	0.859128
ATCCAA	1.74699
ATCCAC	1.62671
ATCCAG	1.25031
ATCCAT	0.994782
ATCCCA	2.01895
ATCCCC	2.51552
ATCCCG	0.508867
ATCCCT	2.05126
ATCCGA	1.27217
ATCCGC	0.855425
ATCCGG	1.06699
ATCCGT	1.94567
ATCCTA	0.833864
ATCCTC	0.862863
ATCCTG	0.561483
ATCCTT	1.20424
ATCGAA	0.435216
ATCGAC	0.636087
ATCGAG	1.03364
ATCGAT	0.612527
ATCGCA	0.624084
ATCGCC	1.4118
ATCGCG	0
ATCGCT	2.52279
ATCGGA	0.551274
ATCGGC	1.29712
ATCGGG	0.787533
ATCGGT	0.516819
ATCGTA	0.533492
ATCGTC	1.05563
ATCGTG	0.312042
ATCGTT	0.413456
ATCTAA	1.3668
ATCTAC	1.33066
ATCTAG	1.36197
ATCTAT	1.37819
ATCTCA	0.854087
ATCTCC	0.980043
ATCTCG	0.315015
ATCTCT	1.1666
ATCTGA	1.31256
ATCTGC	1.26608
ATCTGG	1.06928
ATCTGT	1.46835
ATCTTA	0.297986
ATCTTC	0.196884
ATCTTG	0.290144
ATCTTT	0.304852
ATGAAA	0.321755
ATGAAC	1.34756
ATGAAG	0.373744
ATGAAT	0.242022
ATGACA	1.04014
ATGACC	1.95243
ATGACG	1.53132
ATGACT	0.689093
ATGAGA	0.467181
ATGAGC	0.859128
ATGAGG	0.370812
ATGAGT	0.612528
ATGATA	0.612526
ATGATC	0.620183
ATGATG	0.245011
ATGATT	0.326412
ATGCAA	1.51264
ATGCAC	1.12296
ATGCAG	1.22003
ATGCAT	1.29205
ATGCCA	2.39684
ATGCCC	3.07688
ATGCCG	0.236261
ATGCCT	3.18342
ATGCGA	1.65382
ATGCGC	1.1813
ATGCGG	0.93173
ATGCGT	1.08447
ATGCTA	0.160566
ATGCTC	0.624085
ATGCTG	0.427714
ATGCTT	0.845706
ATGGAA	0.604135
ATGGAC	1.12761
ATGGAG	0.921992
ATGGAT	0.679653
ATGGCA	1.45072
ATGGCC	2.39932
ATGGCG	0.435215
ATGGCT	1.37819
ATGGGA	1.37274
ATGGGC	1.49498
ATGGGG	1.00536
ATGGGT	0.497391
ATGGTA	0.522259
ATGGTC	0.878136
ATGGTG	0.210231
ATGGTT	0.751737
ATGTAA	2.02134
ATGTAC	1.95613
ATGTAG	0.719054
ATGTAT	1.83758
ATGTCA	1.39609
ATGTCC	0.850538
ATGTCG	0
ATGTCT	1.13621
ATGTGA	1.62338
ATGTGC	1.72273
ATGTGG	1.64355
ATGTGT	2.62511
ATGTTA	0.129205
ATGTTC	0.115652
ATGTTG	0.174087
ATGTTT	0.0617098
ATTAAA	1.24307
ATTAAC	0.876197
ATTAAG	0.979241
ATTAAT	0.53064
ATTACA	0.838085
ATTACC	2.38696
ATTACG	0.806743
ATTACT	1.42125
ATTAGA	2.12992
ATTAGC	0.930276
ATTAGG	0.840932
ATTAGT	0.93613
ATTATA	0.429564
ATTATC	0.542237
ATTATG	0.601389
ATTATT	0.437136
ATTCAA	2.31363
ATTCAC	1.75718
ATTCAG	1.96105
ATTCAT	3.65379
ATTCCA	2.95529
ATTCCC	3.9233
ATTCCG	2.2349
ATTCCT	3.06263
ATTCGA	0.295326
ATTCGC	1.94568
ATTCGG	1.90826
ATTCGT	3.8461
ATTCTA	0.800239
ATTCTC	1.10665
ATTCTG	0.823745
ATTCTT	1.03863
ATTGAA	1.51494
ATTGAC	1.16466
ATTGAG	1.21605
ATTGAT	0.910363
ATTGCA	1.36941
ATTGCC	1.78104
ATTGCG	1.03364
ATTGCT	1.98458
ATTGGA	1.0482
ATTGGC	1.60047
ATTGGG	0.465865
ATTGGT	3.26918
ATTGTA	0.420464
ATTGTC	1.0155
ATTGTG	0.838896
ATTGTT	1.31256
ATTTAA	1.22722
ATTTAC	1.83758
ATTTAG	1.12123
ATTTAT	2.16793
ATTTCA	0.698796
ATTTCC	1.04517
ATTTCG	0.51682
ATTTCT	1.10927
ATTTGA	1.3172
ATTTGC	1.43034
ATTTGG	2.26456
ATTTGT	1.93204
ATTTTA	0.313734
ATTTTC	0.265036
ATTTTG	0.541253
ATTTTT	0.371325
CAAAAA	0.88476
CAAAAC	0.965738
CAAAAG	0.833858
CAAAAT	0.240556
CAAACA	1.66422
CAAACC	1.54563
CAAACG	0.852484
CAAACT	1.23651
CAAAGA	1.38343
CAAAGC	0.642828
CAAAGG	0.687049
CAAAGT	0.417367
CAAATA	0.44698
CAAATC	0.437519
CAAATG	0.275637
CAAATT	0.319579
CAACAA	1.55741
CAACAC	1.64469
CAACAG	1.14755
CAACAT	1.56828
CAACCA	2.80649
CAACCC	3.18283
CAACCG	2.3626
CAACCT	2.81988
CAACGA	0.735033
CAACGC	0.778269
CAACGG	1.77196
CAACGT	1.70247
CAACTA	0.570283
CAACTC	1.16349
CAACTG	0.937732
CAACTT	0.902089
CAAGAA	1.25834
CAAGAC	1.50347
CAAGAG	1.10255
CAAGAT	0.608769
CAAGCA	1.48507
CAAGCC	1.70432
CAAGCG	0.228113
CAAGCT	1.35442
CAAGGA	0.765658
CAAGGC	1.03672
CAAGGG	0.665967
CAAGGT	1.20827
CAAGTA	1.1813
CAAGTC	0.661528
CAAGTG	0.429566
CAAGTT	0.489297
CAATAA	1.53335
CAATAC	1.75111
CAATAG	1.13275
CAATAT	1.14057
CAATCA	0.713882
CAATCC	1.319
CAATCG	1.55045
CAATCT	1.10255
CAATGA	1.63206
CAATGC	1.92304
CAATGG	2.03895
CAATGT	1.74087
CAATTA	0.516818
CAATTC	0.349399
CAATTG	0.806742
CAATTT	0.0806743
CACAAA	0.0536956
CACAAC	0.429564
CACAAG	0.22759
CACAAT	0.22199
CACACA	0.375869
CACACC	0.417367
CACACG	0.278733
CACACT	0.190095
CACAGA	0.0451864
CACAGC	0.137247
CACAGG	0.075517
CACAGT	0.126246
CACATA	0.11898
CACATC	0.313521
CACATG	0.310577
CACATT	0.150348
CACCAA	0.313521
CACCAC	0.264189
CACCAG	0.689092
CACCAT	0.307688
CACCCA	1.08119
CACCCC	0.984764
CACCCG	0.615058
CACCCT	0.759865
CACCGA	0.81872
CACCGC	0.318043
CACCGG	0.548231
CACCGT	0.585422
CACCTA	1.05004
CACCTC	0.505875
CACCTG	0.425737
CACCTT	1.09848
CACGAA	0.246839
CACGAC	0.25841
CACGAG	0.292712
CACGAT	0.243209
CACGCA	0.489297
CACGCC	0.618777
CACGCG	0.146356
CACGCT	0.24321
CACGGA	0
CACGGC	0.202923
CACGGG	0
CACGGT	0
CACGTA	0
CACGTC	0.337514
CACGTG	0.175008
CACGTT	0.150348
CACTAA	0.424055
CACTAC	0.918793
CACTAG	0.677797
CACTAT	0.403371
CACTCA	0.57916
CACTCC	0.29684
CACTCG	0.170497
CACTCT	0.605795
CACTGA	0.506918
CACTGC	0.487522
CACTGG	0.334588
CACTGT	0.799245
CACTTA	0.322173
CACTTC	0.141959
CACTTG	0.275637
CACTTT	0.443384
CAGAAA	0.0364278
CAGAAC	0.300695
CAGAAG	0.15864
CAGAAT	0.0675031
CAGACA	0.616037
CAGACC	0.606401
CAGACG	0.290144
CAGACT	0.401739
CAGAGA	0.316824
CAGAGC	0.263441
CAGAGG	0.199599
CAGAGT	0.351878
CAGATA	0.115652
CAGATC	0
CAGATG	0.0568325
CAGATT	0.230766
CAGCAA	0.918792
CAGCAC	0.633043
CAGCAG	0.530923
CAGCAT	0.805233
CAGCCA	1.14264
CAGCCC	0.980197
CAGCCG	0.659501
CAGCCT	1.12673
CAGCGA	0.430682
CAGCGC	0.346609
CAGCGG	0.481112
CAGCGT	0.760376
CAGCTA	0.576917
CAGCTC	0.271614
CAGCTG	0.441366
CAGCTT	0.682995
CAGGAA	0.263033
CAGGAC	0.413457
CAGGAG	0.253534
CAGGAT	0.314415
CAGGCA	0.575505
CAGGCC	0.699137
CAGGCG	0.306974
CAGGCT	0.425985
CAGGGA	0.543858
CAGGGC	0.497569
CAGGGG	0.340038
CAGGGT	0.380676
CAGGTA	0.162938
CAGGTC	0.054402
CAGGTG	0.432776
CAGGTT	0.373044
CAGTAA	0.15979
CAGTAC	0.400118
CAGTAG	1.23266
CAGTAT	1.19076
CAGTCA	0.165382
CAGTCC	0.34765
CAGTCG	0.163744
CAGTCT	0.325555
CAGTGA	0.970353
CAGTGC	0.52007
CAGTGG	0.501157
CAGTGT	0.793833
CAGTTA	0.335233
CAGTTC	0.132306
CAGTTG	0
CAGTTT	0.441018
CATAAA	0.361491
CATAAC	0.181739
CATAAG	1.08804
CATAAT	0.297986
CATACA	0.490022
CATACC	1.46541
CATACG	0
CATACT	0.53929
CATAGA	0.624085
CATAGC	0.351877
CATAGG	0.668209
CATAGT	0.644345
CATATA	0.337514
CATATC	0.486419
CATATG	0.355661
CATATT	0.129205
CATCAA	1.44294
CATCAC	0.999564
CATCAG	0.705425
CATCAT	1.32789
CATCCA	3.12042
CATCCC	3.198
CATCCG	0.50627
CATCCT	2.62859
CATCGA	0.735033
CATCGC	1.02298
CATCGG	0.493679
CATCGT	1.71085
CATCTA	1.3172
CATCTC	0.224247
CATCTG	0.82691
CATCTT	0.850096
CATGAA	0.46196
CATGAC	0.413456
CATGAG	0.300695
CATGAT	0.496144
CATGCA	0.818725
CATGCC	1.94993
CATGCG	0.44102
CATGCT	1.47199
CATGGA	1.33066
CATGGC	0.671603
CATGGG	0.391902
CATGGT	0.972835
CATGTA	0.580287
CATGTC	0.359527
CATGTG	0.513608
CATGTT	0.564719
CATTAA	1.3854
CATTAC	1.26006
CATTAG	0.128203
CATTAT	0.948916
CATTCA	1.0003
CATTCC	0.70676
CATTCG	0.424057
CATTCT	0.655703
CATTGA	1.74795
CATTGC	1.25462
CATTGG	0.8107
CATTGT	1.59405
CATTTA	0.205869
CATTTC	0.120278
CATTTG	0.147006
CATTTT	0.24321
CCAAAA	1.26333
CCAAAC	0.988339
CCAAAG	1.17233
CCAAAT	0.431433
CCAACA	1.1773
CCAACC	2.2318
CCAACG	0.620183
CCAACT	2.13651
CCAAGA	1.21916
CCAAGC	1.12994
CCAAGG	1.23075
CCAAGT	1.08329
CCAATA	0.612526
CCAATC	0.972837
CCAATG	0.694885
CCAATT	0.876197
CCACAA	2.20509
CCACAC	2.25522
CCACAG	1.31594
CCACAT	1.75627
CCACCA	3.52654
CCACCC	4.62263
CCACCG	1.56535
CCACCT	4.33623
CCACGA	3.48173
CCACGC	2.99458
CCACGG	2.1843
CCACGT	1.92057
CCACTA	1.01773
CCACTC	1.05563
CCACTG	1.47006
CCACTT	2.03642
CCAGAA	1.09177
CCAGAC	1.48709
CCAGAG	0.928461
CCAGAT	1.02088
CCAGCA	1.91911
CCAGCC	2.83852
CCAGCG	0.995136
CCAGCT	1.62749
CCAGGA	1.63253
CCAGGC	1.24556
CCAGGG	1.31187
CCAGGT	1.01025
CCAGTA	1.46789
CCAGTC	0.684704
CCAGTG	0.287622
CCAGTT	0.908691
CCATAA	3.76611
CCATAC	3.34702
CCATAG	1.99913
CCATAT	3.26918
CCATCA	2.66493
CCATCC	2.02785
CCATCG	0.583701
CCATCT	2.30002
CCATGA	3.37293
CCATGC	2.77037
CCATGG	2.25853
CCATGT	3.30764
CCATTA	0.751738
CCATTC	0.29745
CCATTG	0.792927
CCATTT	0.656753
CCCAAA	0.523107
CCCAAC	0.342171
CCCAAG	0.343651
CCCAAT	0.312043
CCCACA	0.394707
CCCACC	0.530071
CCCACG	0.147663
CCCACT	0.77523
CCCAGA	0.574054
CCCAGC	0.398142
CCCAGG	0.275383
CCCAGT	0.468867
CCCATA	0.744964
CCCATC	0.245374
CCCATG	0
CCCATT	0.23796
CCCCAA	1.08382
CCCCAC	0.893338
CCCCAG	0.770416
CCCCAT	0.932422
CCCCCA	2.44114
CCCCCC	1.6724
CCCCCG	0.893959
CCCCCT	2.28991
CCCCGA	1.17085
CCCCGC	1.06526
CCCCGG	0.79965
CCCCGT	1.1757
CCCCTA	0.700029
CCCCTC	0.478378
CCCCTG	0.690342
CCCCTT	1.14972
CCCGAA	0.520888
CCCGAC	0.208028
CCCGAG	0.0490749
CCCGAT	0.408352
CCCGCA	0.666865
CCCGCC	1.11651
CCCGCG	0.280309
CCCGCT	0.702396
CCCGGA	0.699694
CCCGGC	0.859129
CCCGGG	0.333329
CCCGGT	0.628035
CCCGTA	0.330765
CCCGTC	0.148993
CCCGTG	0.196884
CCCGTT	0.154563
CCCTAA	0.570285
CCCTAC	1.40908
CCCTAG	0.619078
CCCTAT	1.74086
CCCTCA	0.674112
CCCTCC	0.90851
CCCTCG	0.416931
CCCTCT	0.822655
CCCTGA	1.56678
CCCTGC	1.01948
CCCTGG	0.952463
CCCTGT	1.55308
CCCTTA	0.480762
CCCTTC	0.400118
CCCTTG	0.442493
CCCTTT	0.581074
CCGAAA	0.751737
CCGAAC	0.501158
CCGAAG	0.326412
CCGAAT	0.787533
CCGACA	0.429564
CCGACC	1.33373
CCGACG	0
CCGACT	1.1813
CCGAGA	0.309126
CCGAGC	0.433318
CCGAGG	0.44698
CCGAGT	0.7421
CCGATA	0
CCGATC	0
CCGATG	0
CCGATT	0
CCGCAA	0.380189
CCGCAC	1.25729
CCGCAG	0.714615
CCGCAT	1.03364
CCGCCA	2.3626
CCGCCC	1.71578
CCGCCG	0.890949
CCGCCT	2.06728
CCGCGA	1.40751
CCGCGC	0.493678
CCGCGG	0.716657
CCGCGT	2.65792
CCGCTA	0.254435
CCGCTC	0.480363
CCGCTG	0.384611
CCGCTT	0.542237
CCGGAA	0.689094
CCGGAC	0.44398
CCGGAG	0.114849
CCGGAT	0.51149
CCGGCA	0.719053
CCGGCC	1.09118
CCGGCG	0.141352
CCGGCT	1.37818
CCGGGA	0.561978
CCGGGC	0.604689
CCGGGG	0.377585
CCGGGT	0.514807
CCGGTA	0.751738
CCGGTC	0.481697
CCGGTG	0.449409
CCGGTT	0.312043
CCGTAA	1.79763
CCGTAC	1.71085
CCGTAG	1.04672
CCGTAT	2.57261
CCGTCA	0.787536
CCGTCC	1.20424
CCGTCG	0.51682
CCGTCT	0.900596
CCGTGA	3.24582
CCGTGC	1.69623
CCGTGG	1.29079
CCGTGT	2.17291
CCGTTA	0.351877
CCGTTC	0.348173
CCGTTG	0.636085
CCGTTT	0.172273
CCTAAA	0.929113
CCTAAC	1.41352
CCTAAG	1.39479
CCTAAT	1.10255
CCTACA	1.25729
CCTACC	1.94567
CCTACG	0.91879
CCTACT	2.42023
CCTAGA	0.685016
CCTAGC	0.884398
CCTAGG	1.27217
CCTAGT	0.997993
CCTATA	0.551274
CCTATC	0.390666
CCTATG	0.32428
CCTATT	0.287621
CCTCAA	2.83918
CCTCAC	2.74088
CCTCAG	1.97219
CCTCAT	1.53673
CCTCCA	5.4643
CCTCCC	5.92124
CCTCCG	2.18028
CCTCCT	5.28629
CCTCGA	2.78365
CCTCGC	2.49761
CCTCGG	2.03832
CCTCGT	3.39825
CCTCTA	1.32714
CCTCTC	0.905077
CCTCTG	1.17748
CCTCTT	1.60199
CCTGAA	1.09869
CCTGAC	1.39269
CCTGAG	0.705255
CCTGAT	0.646745
CCTGCA	1.60964
CCTGCC	2.89017
CCTGCG	0.7852
CCTGCT	2.60016
CCTGGA	1.59437
CCTGGC	1.63629
CCTGGG	0.951517
CCTGGT	2.25045
CCTGTA	0.577525
CCTGTC	0.577395
CCTGTG	0.702094
CCTGTT	0.993462
CCTTAA	2.13069
CCTTAC	3.5694
CCTTAG	2.0561
CCTTAT	2.06728
CCTTCA	1.5266
CCTTCC	1.86803
CCTTCG	1.13621
CCTTCT	1.91126
CCTTGA	3.58201
CCTTGC	3.47582
CCTTGG	2.4549
CCTTGT	3.52815
CCTTTA	0.559263
CCTTTC	0.609705
CCTTTG	0.6953
CCTTTT	0.872985
CGAAAA	0.217608
CGAAAC	1.13275
CGAAAG	0.254435
CGAAAT	0.271119
CGAACA	1.50347
CGAACC	0.813354
CGAACG	0
CGAACT	0.906204
CGAAGA	0.870433
CGAAGC	0.533491
CGAAGG	0.469169
CGAAGT	1.00843
CGAATA	0.848115
CGAATC	0.612528
CGAATG	0.214782
CGAATT	0
CGACAA	1.96884
CGACAC	1.83758
CGACAG	0.555908
CGACAT	0.533492
CGACCA	1.72273
CGACCC	1.66664
CGACCG	1.47006
CGACCT	2.00462
CGACGA	1.37818
CGACGC	0.266746
CGACGG	0.472521
CGACGT	0.570285
CGACTA	0
CGACTC	1.05563
CGACTG	0.172273
CGACTT	0.689092
CGAGAA	0.595971
CGAGAC	0.710229
CGAGAG	0.582331
CGAGAT	0.439067
CGAGCA	1.14621
CGAGCC	0.813358
CGAGCG	0.303454
CGAGCT	0.838896
CGAGGA	0.924498
CGAGGC	0.873496
CGAGGG	0.326842
CGAGGT	1.03954
CGAGTA	0
CGAGTC	0.204176
CGAGTG	0.148993
CGAGTT	0.670468
CGATAA	0.787534
CGATAC	0.689092
CGATAG	0.787534
CGATAT	0.787534
CGATCA	1.87934
CGATCC	0.217608
CGATCG	0.612527
CGATCT	0.835261
CGATGA	1.55046
CGATGC	0.525023
CGATGG	1.02088
CGATGT	1.65382
CGATTA	0
CGATTC	0.545216
CGATTG	0.38461
CGATTT	0
CGCAAA	0.70878
CGCAAC	0
CGCAAG	0
CGCAAT	0.918791
CGCACA	0.231304
CGCACC	0.40337
CGCACG	0.183759
CGCACT	0.654976
CGCAGA	0.278733
CGCAGC	0.0547623
CGCAGG	0.106698
CGCAGT	0.133373
CGCATA	0
CGCATC	0.172273
CGCATG	0
CGCATT	0.226551
CGCCAA	0.424057
CGCCAC	0.395337
CGCCAG	0.294274
CGCCAT	0.306264
CGCCCA	1.15139
CGCCCC	0.981862
CGCCCG	0.637837
CGCCCT	1.20477
CGCCGA	1.35931
CGCCGC	0.25522
CGCCGG	0.484383
CGCCGT	0.681987
CGCCTA	0.93173
CGCCTC	0.542922
CGCCTG	0.294012
CGCCTT	0.979241
CGCGAA	1.10255
CGCGAC	0
CGCGAG	0
CGCGAT	0.250579
CGCGCA	0.28031
CGCGCC	0.515356
CGCGCG	0.101461
CGCGCT	0.332985
CGCGGA	0.112505
CGCGGC	0
CGCGGG	0.313224
CGCGGT	0.214782
CGCGTA	0.612527
CGCGTC	0
CGCGTG	0
CGCGTT	0.624084
CGCTAA	0.787535
CGCTAC	1.68186
CGCTAG	0
CGCTAT	1.21011
CGCTCA	0.612527
CGCTCC	0.337516
CGCTCG	0.359527
CGCTCT	0.389135
CGCTGA	0.570282
CGCTGC	0.419448
CGCTGG	0.465864
CGCTGT	0.654053
CGCTTA	0.262512
CGCTTC	0.344545
CGCTTG	0.217609
CGCTTT	0.306264
CGGAAA	0.580287
CGGAAC	0.190095
CGGAAG	0.266746
CGGAAT	0
CGGACA	0
CGGACC	0.351877
CGGACG	0.212029
CGGACT	0.157507
CGGAGA	0.186872
CGGAGC	0.0531776
CGGAGG	0.0489297
CGGAGT	0.324279
CGGATA	0
CGGATC	0.130222
CGGATG	0
CGGATT	0.232933
CGGCAA	0.698797
CGGCAC	0.12342
CGGCAG	0.508868
CGGCAT	0.217608
CGGCCA	1.24036
CGGCCC	1.3282
CGGCCG	0.448712
CGGCCT	0.978318
CGGCGA	0.344546
CGGCGC	0.379317
CGGCGG	0.240556
CGGCGT	0.870432
CGGCTA	0.174087
CGGCTC	0.235419
CGGCTG	0.48642
CGGCTT	0.362151
CGGGAA	0
CGGGAC	0
CGGGAG	0.0677796
CGGGAT	0
CGGGCA	0.348174
CGGGCC	0.477983
CGGGCG	0.0443384
CGGGCT	0.242318
CGGGGA	0.151264
CGGGGC	0.477983
CGGGGG	0.169189
CGGGGT	0.3494
CGGGTA	0
CGGGTC	0
CGGGTG	0.187934
CGGGTT	0.114849
CGGTAA	1.57507
CGGTAC	0
CGGTAG	0
CGGTAT	1.55045
CGGTCA	0.769219
CGGTCC	0.508867
CGGTCG	0
CGGTCT	0
CGGTGA	0.703756
CGGTGC	0.554975
CGGTGG	0.286129
CGGTGT	0.130222
CGGTTA	0
CGGTTC	0.163744
CGGTTG	0
CGGTTT	0.148993
CGTAAA	0.580289
CGTAAC	0
CGTAAG	0.435216
CGTAAT	0
CGTACA	0
CGTACC	0.918791
CGTACG	0
CGTACT	1.27217
CGTAGA	0.359527
CGTAGC	0
CGTAGG	0.729627
CGTAGT	0.337515
CGTATA	0.661529
CGTATC	0
CGTATG	0
CGTATT	0
CGTCAA	1.03364
CGTCAC	1.07391
CGTCAG	0.300695
CGTCAT	1.35559
CGTCCA	2.90365
CGTCCC	3.14017
CGTCCG	0.93173
CGTCCT	2.6219
CGTCGA	0.533492
CGTCGC	0.525023
CGTCGG	1.01254
CGTCGT	2.30767
CGTCTA	1.15383
CGTCTC	0.498642
CGTCTG	0.106698
CGTCTT	0.282704
CGTGAA	0.81872
CGTGAC	0.359527
CGTGAG	0.405845
CGTGAT	0.303454
CGTGCA	1.22004
CGTGCC	1.42571
CGTGCG	0.168757
CGTGCT	1.85342
CGTGGA	1.48274
CGTGGC	0.456858
CGTGGG	0.793833
CGTGGT	0.486418
CGTGTA	0.271119
CGTGTC	0
CGTGTG	0.114849
CGTGTT	0.527815
CGTTAA	0.324279
CGTTAC	1.83758
CGTTAG	0
CGTTAT	1.37819
CGTTCA	1.16058
CGTTCC	0.43143
CGTTCG	0.501158
CGTTCT	0.843785
CGTTGA	1.92305
CGTTGC	1.86055
CGTTGG	0.327488
CGTTGT	0.290144
CGTTTA	0.271119
CGTTTC	0.137819
CGTTTG	0.359527
CGTTTT	0.28031
CTAAAA	0.893959
CTAAAC	0.863939
CTAAAG	0.497391
CTAAAT	1.04552
CTAACA	1.61653
CTAACC	1.93691
CTAACG	0.38461
CTAACT	2.46023
CTAAGA	1.38782
CTAAGC	1.40751
CTAAGG	1.06014
CTAAGT	1.91961
CTAATA	1.24817
CTAATC	0.192305
CTAATG	0.972839
CTAATT	0.498642
CTACAA	1.76408
CTACAC	0.862864
CTACAG	1.11315
CTACAT	1.29712
CTACCA	3.79768
CTACCC	4.48643
CTACCG	1.14057
CTACCT	3.22443
CTACGA	3.4615
CTACGC	2.63108
CTACGG	1.69623
CTACGT	4.72521
CTACTA	1.49303
CTACTC	1.40006
CTACTG	1.91748
CTACTT	1.72273
CTAGAA	1.92111
CTAGAC	1.60566
CTAGAG	0.840927
CTAGAT	1.29712
CTAGCA	2.04898
CTAGCC	3.45418
CTAGCG	1.03364
CTAGCT	2.86
CTAGGA	1.98458
CTAGGC	1.59405
CTAGGG	1.44179
CTAGGT	2.8236
CTAGTA	0.763302
CTAGTC	0.806742
CTAGTG	0.700774
CTAGTT	1.07192
CTATAA	2.13396
CTATAC	3.03764
CTATAG	2.94012
CTATAT	1.41757
CTATCA	1.56678
CTATCC	2.36261
CTATCG	0
CTATCT	3.33665
CTATGA	2.33693
CTATGC	2.57738
CTATGG	3.11113
CTATGT	1.50347
CTATTA	0.522259
CTATTC	0.142571
CTATTG	0.950473
CTATTT	0.667463
CTCAAA	0.430963
CTCAAC	0.608769
CTCAAG	0.712855
CTCAAT	0.378737
CTCACA	1.02236
CTCACC	0.934364
CTCACG	0
CTCACT	1.10575
CTCAGA	0.570284
CTCAGC	0.703754
CTCAGG	0.331428
CTCAGT	0.441018
CTCATA	0.516818
CTCATC	0.226551
CTCATG	0
CTCATT	0.672287
CTCCAA	1.16058
CTCCAC	1.32306
CTCCAG	1.06918
CTCCAT	0.686708
CTCCCA	1.89669
CTCCCC	2.33874
CTCCCG	1.35442
CTCCCT	2.04801
CTCCGA	1.79076
CTCCGC	1.22687
CTCCGG	1.09106
CTCCGT	1.82835
CTCCTA	1.22239
CTCCTC	0.434581
CTCCTG	0.839193
CTCCTT	0.616331
CTCGAA	0.179764
CTCGAC	0.936125
CTCGAG	0.318044
CTCGAT	0.636086
CTCGCA	0.303454
CTCGCC	0.866286
CTCGCG	0.38461
CTCGCT	1.06698
CTCGGA	0.520069
CTCGGC	0.870433
CTCGGG	0.578259
CTCGGT	0.646023
CTCGTA	1.14057
CTCGTC	0.703754
CTCGTG	0
CTCGTT	0
CTCTAA	1.99791
CTCTAC	1.26005
CTCTAG	1.319
CTCTAT	1.33373
CTCTCA	0.957196
CTCTCC	0.686973
CTCTCG	0.533491
CTCTCT	1.29712
CTCTGA	1.10823
CTCTGC	1.4118
CTCTGG	1.07921
CTCTGT	1.77483
CTCTTA	0.378016
CTCTTC	0.157883
CTCTTG	0.561677
CTCTTT	0.51521
CTGAAA	0.496643
CTGAAC	0.477065
CTGAAG	0.383494
CTGAAT	0.698801
CTGACA	0.70786
CTGACC	0.82691
CTGACG	0.576914
CTGACT	0.892103
CTGAGA	0.334105
CTGAGC	0.552502
CTGAGG	0.347892
CTGAGT	0.696344
CTGATA	0.481697
CTGATC	0.106014
CTGATG	0.15979
CTGATT	0.337515
CTGCAA	1.02354
CTGCAC	1.1813
CTGCAG	0.570283
CTGCAT	0.855424
CTGCCA	2.4133
CTGCCC	2.33692
CTGCCG	0.912456
CTGCCT	2.18004
CTGCGA	0.6988
CTGCGC	1.52922
CTGCGG	0.887644
CTGCGT	1.99791
CTGCTA	0.861365
CTGCTC	0.653685
CTGCTG	0.763302
CTGCTT	0.770273
CTGGAA	0.672285
CTGGAC	1.14972
CTGGAG	0.489692
CTGGAT	0.689092
CTGGCA	1.27217
CTGGCC	1.83758
CTGGCG	0.493677
CTGGCT	1.35313
CTGGGA	1.18546
CTGGGC	0.817406
CTGGGG	0.781477
CTGGGT	0.994782
CTGGTA	0.24684
CTGGTC	0.448493
CTGGTG	0.540758
CTGGTT	0.205019
CTGTAA	1.65885
CTGTAC	2.33231
CTGTAG	0.962541
CTGTAT	1.14495
CTGTCA	0.71132
CTGTCC	0.843412
CTGTCG	0.364814
CTGTCT	1.16058
CTGTGA	1.98914
CTGTGC	1.6073
CTGTGG	1.38478
CTGTGT	1.81301
CTGTTA	0.486418
CTGTTC	0.187934
CTGTTG	0.370812
CTGTTT	0.363476
CTTAAA	1.50971
CTTAAC	1.21012
CTTAAG	0.813358
CTTAAT	0.877024
CTTACA	1.2342
CTTACC	1.89783
CTTACG	0.375869
CTTACT	1.05004
CTTAGA	1.19553
CTTAGC	0.80394
CTTAGG	0.988698
CTTAGT	0.43143
CTTATA	0.583701
CTTATC	0.580287
CTTATG	0.398512
CTTATT	0.714613
CTTCAA	1.83758
CTTCAC	2.12539
CTTCAG	1.53215
CTTCAT	2.17239
CTTCCA	4.10706
CTTCCC	4.80142
CTTCCG	1.43332
CTTCCT	4.52556
CTTCGA	2.19181
CTTCGC	3.75093
CTTCGG	1.77684
CTTCGT	3.04152
CTTCTA	0.705898
CTTCTC	1.32306
CTTCTG	0.923248
CTTCTT	1.09906
CTTGAA	0.71191
CTTGAC	1.79076
CTTGAG	0.719052
CTTGAT	1.09344
CTTGCA	1.74486
CTTGCC	2.00784
CTTGCG	0.743293
CTTGCT	3.03631
CTTGGA	1.22505
CTTGGC	2.42805
CTTGGG	1.43811
CTTGGT	2.75637
CTTGTA	0.446978
CTTGTC	0.678488
CTTGTG	0.715166
CTTGTT	1.15383
CTTTAA	2.86239
CTTTAC	4.19448
CTTTAG	2.24066
CTTTAT	2.53805
CTTTCA	1.32748
CTTTCC	1.69345
CTTTCG	0.806742
CTTTCT	2.18945
CTTTGA	2.37176
CTTTGC	3.33061
CTTTGG	1.68918
CTTTGT	2.69894
CTTTTA	0.478377
CTTTTC	0.400441
CTTTTG	0.57469
CTTTTT	0.634649
GAAAAA	0.461225
GAAAAC	0.392433
GAAAAG	0.392832
GAAAAT	0.160565
GAAACA	0.504557
GAAACC	0.900913
GAAACG	0.416931
GAAACT	0.248695
GAAAGA	1.07566
GAAAGC	0.618777
GAAAGG	0.480528
GAAAGT	0.338898
GAAATA	0.46369
GAAATC	0.560618
GAAATG	0.115652
GAAATT	0.133373
GAACAA	0.779289
GAACAC	1.72074
GAACAG	1.10255
GAACAT	0.421356
GAACCA	2.31535
GAACCC	1.85129
GAACCG	0.945046
GAACCT	2.22794
GAACGA	0.729627
GAACGC	1.2186
GAACGG	0.50627
GAACGT	1.03364
GAACTA	0.765659
GAACTC	0.689095
GAACTG	0.641571
GAACTT	0.573581
GAAGAA	0.747492
GAAGAC	1.14972
GAAGAG	0.391695
GAAGAT	0.302527
GAAGCA	1.39845
GAAGCC	1.4455
GAAGCG	0.106698
GAAGCT	0.757032
GAAGGA	1.29394
GAAGGC	0.644945
GAAGGG	0.79965
GAAGGT	0.940563
GAAGTA	0.540465
GAAGTC	0
GAAGTG	0.141352
GAAGTT	0.661528
GAATAA	0.606112
GAATAC	1.27217
GAATAG	0.630029
GAATAT	1.15383
GAATCA	0.66533
GAATCC	1.1813
GAATCG	0
GAATCT	1.34613
GAATGA	1.33247
GAATGC	0.878841
GAATGG	1.15226
GAATGT	1.4822
GAATTA	0.375868
GAATTC	0.159021
GAATTG	0.199256
GAATTT	0.290145
GACAAA	0.0806743
GACAAC	0
GACAAG	0.481697
GACAAT	0.179764
GACACA	0.431433
GACACC	0.309126
GACACG	0.168757
GACACT	0.722982
GACAGA	0.240381
GACAGC	0.226551
GACAGG	0.120717
GACAGT	0.388222
GACATA	0
GACATC	0.525022
GACATG	0.116466
GACATT	0.501159
GACCAA	0.310091
GACCAC	0.214782
GACCAG	0.359527
GACCAT	0.800239
GACCCA	0.816702
GACCCC	0.726068
GACCCG	0.280308
GACCCT	0.956293
GACCGA	0.239685
GACCGC	0.403371
GACCGG	0.24321
GACCGT	1.25289
GACCTA	1.22506
GACCTC	0.191563
GACCTG	0.38979
GACCTT	0.695535
GACGAA	0
GACGAC	0.262512
GACGAG	0
GACGAT	0.337515
GACGCA	0.160566
GACGCC	0.332985
GACGCG	0.153132
GACGCT	1.37819
GACGGA	0.138977
GACGGC	0.229697
GACGGG	0.223489
GACGGT	0.612526
GACGTA	0.459395
GACGTC	0.698797
GACGTG	0
GACGTT	0.285142
GACTAA	0.597766
GACTAC	0.199256
GACTAG	0.321132
GACTAT	0.243209
GACTCA	0.178792
GACTCC	0.254434
GACTCG	0
GACTCT	0
GACTGA	0.49368
GACTGC	0.0831068
GACTGG	0.322174
GACTGT	0.416055
GACTTA	0.196884
GACTTC	0.250579
GACTTG	0.489297
GACTTT	0.166214
GAGAAA	0.233481
GAGAAC	0
GAGAAG	0.153487
GAGAAT	0.294274
GAGACA	0.520434
GAGACC	1.12124
GAGACG	0.250579
GAGACT	0.839831
GAGAGA	0.210678
GAGAGC	0.30161
GAGAGG	0.430964
GAGAGT	0.34635
GAGATA	0.231304
GAGATC	0.203339
GAGATG	0.128702
GAGATT	0.403371
GAGCAA	0.599212
GAGCAC	0.818725
GAGCAG	0.442381
GAGCAT	1.32306
GAGCCA	1.06343
GAGCCC	1.42731
GAGCCG	0.721294
GAGCCT	1.19553
GAGCGA	0.570281
GAGCGC	0.758635
GAGCGG	0.195333
GAGCGT	0.351877
GAGCTA	0.232933
GAGCTC	0.516819
GAGCTG	0.267706
GAGCTT	0.341698
GAGGAA	0.525665
GAGGAC	0.545816
GAGGAG	0.272744
GAGGAT	0.44526
GAGGCA	0.79313
GAGGCC	0.732528
GAGGCG	0.167475
GAGGCT	1.39413
GAGGGA	0.603775
GAGGGC	0.369756
GAGGGG	0.267104
GAGGGT	0.85913
GAGGTA	0.214782
GAGGTC	0.273811
GAGGTG	0.0703755
GAGGTT	0.381653
GAGTAA	0.918793
GAGTAC	1.31554
GAGTAG	0.355661
GAGTAT	0.612526
GAGTCA	0.253136
GAGTCC	0.64715
GAGTCG	0.187934
GAGTCT	0.496857
GAGTGA	0.580288
GAGTGC	0.436859
GAGTGG	0.400926
GAGTGT	1.05156
GAGTTA	0
GAGTTC	0
GAGTTG	0.0843789
GAGTTT	0.148993
GATAAA	0.103364
GATAAC	0.389135
GATAAG	0.330764
GATAAT	0.424055
GATACA	0.45518
GATACC	1.41757
GATACG	1.03364
GATACT	1.67241
GATAGA	0.545216
GATAGC	0
GATAGG	0.181739
GATAGT	0.472521
GATATA	0
GATATC	0.295326
GATATG	0
GATATT	0.24684
GATCAA	0.908695
GATCAC	0.826912
GATCAG	0.520069
GATCAT	0.315015
GATCCA	1.93086
GATCCC	2.18999
GATCCG	0.677797
GATCCT	1.91495
GATCGA	0.367516
GATCGC	0.677797
GATCGG	1.67779
GATCGT	1.1276
GATCTA	0.837378
GATCTC	0.390053
GATCTG	0.545218
GATCTT	0.821046
GATGAA	0
GATGAC	0.782211
GATGAG	0.300695
GATGAT	1.40419
GATGCA	0.97284
GATGCC	0.606112
GATGCG	0.201686
GATGCT	0.929113
GATGGA	0.758
GATGGC	0.708781
GATGGG	0.290996
GATGGT	1.14716
GATGTA	0.168757
GATGTC	0
GATGTG	0.191193
GATGTT	1.77195
GATTAA	0.121605
GATTAC	0.769221
GATTAG	1.19554
GATTAT	0.677797
GATTCA	0.206728
GATTCC	0.53064
GATTCG	0
GATTCT	0.67047
GATTGA	0.954133
GATTGC	0.277954
GATTGG	0.110995
GATTGT	0.911555
GATTTA	0.117292
GATTTC	0.421894
GATTTG	0.163745
GATTTT	0.187225
GCAAAA	1.2171
GCAAAC	1.47199
GCAAAG	0.594901
GCAAAT	0.612526
GCAACA	1.7457
GCAACC	2.62511
GCAACG	2.09345
GCAACT	1.23755
GCAAGA	1.10747
GCAAGC	1.32659
GCAAGG	0.829875
GCAAGT	1.37003
GCAATA	0.194567
GCAATC	0.570281
GCAATG	0.497391
GCAATT	0.393767
GCACAA	1.94071
GCACAC	2.11878
GCACAG	1.69189
GCACAT	2.50924
GCACCA	4.06891
GCACCC	5.89532
GCACCG	1.45925
GCACCT	4.59707
GCACGA	1.65382
GCACGC	2.05377
GCACGG	2.17064
GCACGT	3.22356
GCACTA	1.80118
GCACTC	1.24817
GCACTG	0.867581
GCACTT	1.99912
GCAGAA	1.49877
GCAGAC	1.31256
GCAGAG	1.10633
GCAGAT	1.30565
GCAGCA	2.53804
GCAGCC	2.84447
GCAGCG	0.829875
GCAGCT	2.48428
GCAGGA	2.03816
GCAGGC	1.42325
GCAGGG	1.38203
GCAGGT	0.986019
GCAGTA	0.342169
GCAGTC	0.733224
GCAGTG	0.550051
GCAGTT	1.33881
GCATAA	2.12868
GCATAC	1.35006
GCATAG	2.30765
GCATAT	0.826908
GCATCA	1.81387
GCATCC	1.89912
GCATCG	0.226551
GCATCT	1.27832
GCATGA	2.99606
GCATGC	2.75638
GCATGG	2.45348
GCATGT	2.57012
GCATTA	1.2887
GCATTC	0.554354
GCATTG	0.137819
GCATTT	0.452216
GCCAAA	0.522946
GCCAAC	0.744223
GCCAAG	0.502426
GCCAAT	0.232933
GCCACA	0.685016
GCCACC	1.10716
GCCACG	0.16214
GCCACT	1.77382
GCCAGA	0.389645
GCCAGC	0.274115
GCCAGG	0.31539
GCCAGT	0.501157
GCCATA	0.424057
GCCATC	0.232933
GCCATG	0.250579
GCCATT	0.17688
GCCCAA	1.50348
GCCCAC	1.06412
GCCCAG	0.872474
GCCCAT	2.20509
GCCCCA	3.08484
GCCCCC	2.25634
GCCCCG	1.10888
GCCCCT	2.52833
GCCCGA	0.913716
GCCCGC	1.40927
GCCCGG	0.994281
GCCCGT	2.23826
GCCCTA	0.371645
GCCCTC	0.779799
GCCCTG	0.901198
GCCCTT	1.01551
GCCGAA	0.751737
GCCGAC	1.10255
GCCGAG	0.512452
GCCGAT	1.29712
GCCGCA	1.08585
GCCGCC	1.30147
GCCGCG	0.189369
GCCGCT	1.46835
GCCGGA	0.855427
GCCGGC	0.558038
GCCGGG	0.567349
GCCGGT	0.877024
GCCGTA	0.636086
GCCGTC	0.558722
GCCGTG	0.185823
GCCGTT	0.44102
GCCTAA	1.51727
GCCTAC	1.85475
GCCTAG	0.492209
GCCTAT	0.787534
GCCTCA	0.566377
GCCTCC	0.862539
GCCTCG	0.285142
GCCTCT	0.759962
GCCTGA	1.26811
GCCTGC	1.07858
GCCTGG	0.958983
GCCTGT	1.4118
GCCTTA	0.617099
GCCTTC	0.314586
GCCTTG	0.429564
GCCTTT	0.465138
GCGAAA	0.472521
GCGAAC	1.12124
GCGAAG	0.138977
GCGAAT	0
GCGACA	1.77831
GCGACC	1.02298
GCGACG	0.902084
GCGACT	0.898817
GCGAGA	0.132306
GCGAGC	0.450018
GCGAGG	0.249633
GCGAGT	0.735033
GCGATA	0.689092
GCGATC	0.312043
GCGATG	0.232933
GCGATT	0.170497
GCGCAA	1.03364
GCGCAC	1.36074
GCGCAG	0.231303
GCGCAT	0.806742
GCGCCA	1.34094
GCGCCC	2.38533
GCGCCG	0.803475
GCGCCT	1.65382
GCGCGA	0.459395
GCGCGC	0.903349
GCGCGG	0.759133
GCGCGT	2.06729
GCGCTA	0
GCGCTC	0.361097
GCGCTG	0.358414
GCGCTT	0.793837
GCGGAA	0.694885
GCGGAC	0.911555
GCGGAG	0.359526
GCGGAT	0.486419
GCGGCA	0.506274
GCGGCC	1.19041
GCGGCG	0.392212
GCGGCT	1.52076
GCGGGA	0.875858
GCGGGC	1.05813
GCGGGG	0.263348
GCGGGT	1.39876
GCGGTA	0.344547
GCGGTC	0.468063
GCGGTG	0.185822
GCGGTT	0.398512
GCGTAA	0.689092
GCGTAC	0.486419
GCGTAG	1.14057
GCGTAT	1.27217
GCGTCA	1.76407
GCGTCC	0.601389
GCGTCG	0.25841
GCGTCT	1.2342
GCGTGA	0.861365
GCGTGC	1.24276
GCGTGG	0.469168
GCGTGT	2.0859
GCGTTA	0
GCGTTC	0
GCGTTG	0
GCGTTT	0.300695
GCTAAA	1.1898
GCTAAC	1.25834
GCTAAG	0.482868
GCTAAT	1.37819
GCTACA	1.16285
GCTACC	2.36261
GCTACG	1.21011
GCTACT	1.71932
GCTAGA	1.55795
GCTAGC	1.48658
GCTAGG	0.581747
GCTAGT	0.375869
GCTATA	0.972836
GCTATC	0.93173
GCTATG	0.501156
GCTATT	0.469169
GCTCAA	2.89845
GCTCAC	2.45711
GCTCAG	2.08465
GCTCAT	2.78842
GCTCCA	4.14501
GCTCCC	6.011
GCTCCG	2.324
GCTCCT	4.57056
GCTCGA	2.24247
GCTCGC	3.53488
GCTCGG	2.45011
GCTCGT	2.00463
GCTCTA	1.3887
GCTCTC	0.754021
GCTCTG	1.14732
GCTCTT	1.72787
GCTGAA	0.921992
GCTGAC	1.00668
GCTGAG	0.90004
GCTGAT	1.08093
GCTGCA	1.70717
GCTGCC	3.19158
GCTGCG	0.988131
GCTGCT	2.56742
GCTGGA	1.86157
GCTGGC	1.86444
GCTGGG	1.1744
GCTGGT	1.68267
GCTGTA	0.69322
GCTGTC	0.670467
GCTGTG	0.537205
GCTGTT	1.27217
GCTTAA	1.73258
GCTTAC	4.42301
GCTTAG	0.792927
GCTTAT	1.72273
GCTTCA	1.68758
GCTTCC	2.21646
GCTTCG	0.545216
GCTTCT	1.78104
GCTTGA	1.94993
GCTTGC	2.44699
GCTTGG	1.84839
GCTTGT	3.99944
GCTTTA	0.435217
GCTTTC	0.486417
GCTTTG	0.32749
GCTTTT	0.949831
GGAAAA	0.280308
GGAAAC	0.417367
GGAAAG	0.404192
GGAAAT	0.129205
GGAACA	1.14289
GGAACC	1.34861
GGAACG	0
GGAACT	1.62429
GGAAGA	0.675842
GGAAGC	0.643824
GGAAGG	0.570284
GGAAGT	0.429566
GGAATA	0.339825
GGAATC	0.393766
GGAATG	0.256805
GGAATT	0.191563
GGACAA	0.593678
GGACAC	1.15524
GGACAG	0.868528
GGACAT	1.77943
GGACCA	2.53843
GGACCC	2.57739
GGACCG	0.566376
GGACCT	3.48532
GGACGA	1.67241
GGACGC	1.34521
GGACGG	0.722545
GGACGT	3.45304
GGACTA	0.941201
GGACTC	0.529695
GGACTG	0.988131
GGACTT	1.09733
GGAGAA	0.685015
GGAGAC	0.520887
GGAGAG	0.439984
GGAGAT	0.499266
GGAGCA	1.34917
GGAGCC	1.37133
GGAGCG	0.897424
GGAGCT	1.32449
GGAGGA	0.773032
GGAGGC	0.822344
GGAGGG	0.654811
GGAGGT	0.891949
GGAGTA	0.544021
GGAGTC	0.243209
GGAGTG	0.336655
GGAGTT	0.383336
GGATAA	1.13621
GGATAC	0.743293
GGATAG	1.34094
GGATAT	1.60566
GGATCA	0.649976
GGATCC	0.656279
GGATCG	0
GGATCT	0.779289
GGATGA	1.20827
GGATGC	1.30768
GGATGG	0.364478
GGATGT	1.82689
GGATTA	0.384611
GGATTC	0.0898818
GGATTG	0.396126
GGATTT	0.415186
GGCAAA	0.205869
GGCAAC	0.0908696
GGCAAG	0.324278
GGCAAT	0.442987
GGCACA	0.63049
GGCACC	1.00087
GGCACG	0.0939671
GGCACT	0.592769
GGCAGA	0.570285
GGCAGC	0.35566
GGCAGG	0.300695
GGCAGT	0.438097
GGCATA	0.393768
GGCATC	0.302068
GGCATG	0.159021
GGCATT	0.0889153
GGCCAA	0.787537
GGCCAC	0.980043
GGCCAG	0.612526
GGCCAT	0.533493
GGCCCA	1.87084
GGCCCC	1.71332
GGCCCG	0.716974
GGCCCT	2.2051
GGCCGA	1.04178
GGCCGC	0.642677
GGCCGG	0.318044
GGCCGT	0.787532
GGCCTA	1.14056
GGCCTC	0.478598
GGCCTG	0.441019
GGCCTT	0.880185
GGCGAA	0.295325
GGCGAC	0.781335
GGCGAG	0.0762131
GGCGAT	0.22349
GGCGCA	0.63261
GGCGCC	1.42496
GGCGCG	0.203547
GGCGCT	1.3976
GGCGGA	0.193429
GGCGGC	0.795108
GGCGGG	0.243535
GGCGGT	0.882039
GGCGTA	0
GGCGTC	0.371645
GGCGTG	0.147225
GGCGTT	0.459395
GGCTAA	0.367517
GGCTAC	0.964732
GGCTAG	0.205444
GGCTAT	0.703754
GGCTCA	0.387064
GGCTCC	0.320282
GGCTCG	0.526695
GGCTCT	0.503337
GGCTGA	0.773127
GGCTGC	0.72468
GGCTGG	0.45744
GGCTGT	1.14057
GGCTTA	0.606907
GGCTTC	0.0947749
GGCTTG	0.174086
GGCTTT	0.164287
GGGAAA	0.273359
GGGAAC	0.228903
GGGAAG	0.109525
GGGAAT	0.541253
GGGACA	0.36149
GGGACC	0.954961
GGGACG	0.285142
GGGACT	0.826911
GGGAGA	0.22501
GGGAGC	0.216388
GGGAGG	0.20689
GGGAGT	0.149893
GGGATA	0.241434
GGGATC	0.0715941
GGGATG	0.224095
GGGATT	0.151727
GGGCAA	1.14057
GGGCAC	0.875281
GGGCAG	0.49864
GGGCAT	0.719054
GGGCCA	1.2155
GGGCCC	1.51083
GGGCCG	0.695916
GGGCCT	1.24481
GGGCGA	0.593678
GGGCGC	0.626169
GGGCGG	0.392018
GGGCGT	0.49054
GGGCTA	0.370259
GGGCTC	0.1841
GGGCTG	0.324279
GGGCTT	0.457983
GGGGAA	0.534723
GGGGAC	0.556575
GGGGAG	0.176775
GGGGAT	0.488212
GGGGCA	0.573996
GGGGCC	0.643153
GGGGCG	0.220931
GGGGCT	0.918789
GGGGGA	0.351877
GGGGGC	0.374167
GGGGGG	0.29336
GGGGGT	0.697643
GGGGTA	0.110255
GGGGTC	0.138588
GGGGTG	0.20029
GGGGTT	0.445641
GGGTAA	0.424055
GGGTAC	0.605056
GGGTAG	0.290144
GGGTAT	0.337514
GGGTCA	0.529222
GGGTCC	0.583701
GGGTCG	0.234585
GGGTCT	0.231303
GGGTGA	0.929663
GGGTGC	0.433949
GGGTGG	0.598877
GGGTGT	0.703753
GGGTTA	0.410039
GGGTTC	0.294274
GGGTTG	0.211126
GGGTTT	0.278421
GGTAAA	0.608024
GGTAAC	0.315015
GGTAAG	0
GGTAAT	0.575241
GGTACA	1.27217
GGTACC	2.30765
GGTACG	0
GGTACT	1.895
GGTAGA	0.351877
GGTAGC	1.35005
GGTAGG	0.730971
GGTAGT	2.01141
GGTATA	0
GGTATC	0.413456
GGTATG	0.243209
GGTATT	0.706759
GGTCAA	1.31826
GGTCAC	1.76101
GGTCAG	1.17806
GGTCAT	1.73385
GGTCCA	4.28769
GGTCCC	4.19413
GGTCCG	2.18688
GGTCCT	3.93765
GGTCGA	1.27217
GGTCGC	0.861364
GGTCGG	0.413455
GGTCGT	2.40555
GGTCTA	1.04672
GGTCTC	0.904826
GGTCTG	0.368883
GGTCTT	1.06127
GGTGAA	0.640564
GGTGAC	0.472521
GGTGAG	0.452538
GGTGAT	1.02202
GGTGCA	1.37217
GGTGCC	1.5723
GGTGCG	0.564719
GGTGCT	1.73825
GGTGGA	0.885256
GGTGGC	1.40751
GGTGGG	0.800237
GGTGGT	2.02885
GGTGTA	0.689091
GGTGTC	1.00938
GGTGTG	0.330764
GGTGTT	1.36398
GGTTAA	1.14849
GGTTAC	0.837378
GGTTAG	0.555908
GGTTAT	2.51669
GGTTCA	0.866631
GGTTCC	0.369156
GGTTCG	0
GGTTCT	1.00232
GGTTGA	0.393767
GGTTGC	1.64516
GGTTGG	0.576917
GGTTGT	1.75938
GGTTTA	0.232933
GGTTTC	0.288122
GGTTTG	0.167053
GGTTTT	0.17783
GTAAAA	1.60788
GTAAAC	1.43811
GTAAAG	0.620184
GTAAAT	0.685016
GTAACA	1.86954
GTAACC	3.23574
GTAACG	0.735033
GTAACT	1.80887
GTAAGA	1.09344
GTAAGC	1.83759
GTAAGG	0.793837
GTAAGT	1.73075
GTAATA	0.870432
GTAATC	0.219533
GTAATG	0.151727
GTAATT	0.567026
GTACAA	2.64611
GTACAC	2.51669
GTACAG	2.02508
GTACAT	2.11535
GTACCA	2.93083
GTACCC	3.98142
GTACCG	2.63108
GTACCT	4.01863
GTACGA	1.1813
GTACGC	3.00695
GTACGG	1.32306
GTACGT	2.50579
GTACTA	1.68186
GTACTC	2.93083
GTACTG	1.58767
GTACTT	2.56627
GTAGAA	1.06698
GTAGAC	1.63053
GTAGAG	0.905077
GTAGAT	1.86055
GTAGCA	2.02508
GTAGCC	2.9717
GTAGCG	0.661529
GTAGCT	2.74208
GTAGGA	1.1813
GTAGGC	3.21132
GTAGGG	0.629172
GTAGGT	1.2614
GTAGTA	0.636085
GTAGTC	0.533491
GTAGTG	1.45926
GTAGTT	1.56021
GTATAA	2.09104
GTATAC	2.80838
GTATAG	1.22505
GTATAT	3.51437
GTATCA	2.03896
GTATCC	1.04672
GTATCG	0.689092
GTATCT	1.63892
GTATGA	2.2051
GTATGC	1.58586
GTATGG	3.35234
GTATGT	3.30765
GTATTA	0.570283
GTATTC	0.522259
GTATTG	0.226551
GTATTT	0.450019
GTCAAA	0.570282
GTCAAC	0.64856
GTCAAG	0.479369
GTCAAT	1.57507
GTCACA	1.06014
GTCACC	0.977627
GTCACG	0.212029
GTCACT	1.88752
GTCAGA	0.395651
GTCAGC	0.618251
GTCAGG	0.224704
GTCAGT	0.9062
GTCATA	0.206728
GTCATC	0.127217
GTCATG	0.555908
GTCATT	0.337514
GTCCAA	2.31049
GTCCAC	1.31954
GTCCAG	1.05955
GTCCAT	0.636084
GTCCCA	2.95495
GTCCCC	2.22267
GTCCCG	1.51111
GTCCCT	2.32278
GTCCGA	1.06698
GTCCGC	0.848113
GTCCGG	1.91748
GTCCGT	2.9342
GTCCTA	1.30995
GTCCTC	1.10624
GTCCTG	1.14621
GTCCTT	0.964112
GTCGAA	1.24037
GTCGAC	2.50579
GTCGAG	0.429564
GTCGAT	0
GTCGCA	0.590651
GTCGCC	1.2128
GTCGCG	0.51682
GTCGCT	1.96884
GTCGGA	0.652824
GTCGGC	0.175939
GTCGGG	0.893954
GTCGGT	1.29205
GTCGTA	1.03364
GTCGTC	0
GTCGTG	0.570284
GTCGTT	0.689093
GTCTAA	2.11535
GTCTAC	1.78104
GTCTAG	2.34032
GTCTAT	2.26551
GTCTCA	0.965263
GTCTCC	1.14531
GTCTCG	0.339825
GTCTCT	1.15266
GTCTGA	1.68185
GTCTGC	1.27217
GTCTGG	1.20079
GTCTGT	1.37247
GTCTTA	1.09215
GTCTTC	0.315013
GTCTTG	0.357583
GTCTTT	0.356427
GTGAAA	0.608429
GTGAAC	0.787534
GTGAAG	0.482364
GTGAAT	0.566376
GTGACA	1.21604
GTGACC	1.86347
GTGACG	0.679653
GTGACT	0.63261
GTGAGA	0.612526
GTGAGC	0.603584
GTGAGG	0.552692
GTGAGT	0.67503
GTGATA	0.918792
GTGATC	0.551277
GTGATG	0.271119
GTGATT	0.0955967
GTGCAA	0.859128
GTGCAC	1.48844
GTGCAG	0.781332
GTGCAT	0.877024
GTGCCA	1.97993
GTGCCC	2.93018
GTGCCG	0.744964
GTGCCT	2.40251
GTGCGA	0.472521
GTGCGC	1.29711
GTGCGG	0.878841
GTGCGT	1.80417
GTGCTA	0.765659
GTGCTC	0.393768
GTGCTG	0.893958
GTGCTT	1.46835
GTGGAA	1.10689
GTGGAC	1.03905
GTGGAG	0.47252
GTGGAT	1.09693
GTGGCA	0.887959
GTGGCC	1.90338
GTGGCG	0.403373
GTGGCT	1.85723
GTGGGA	1.18422
GTGGGC	1.0938
GTGGGG	0.616921
GTGGGT	1.49823
GTGGTA	0.843785
GTGGTC	0.459396
GTGGTG	0.401198
GTGGTT	1.10927
GTGTAA	1.82202
GTGTAC	1.79764
GTGTAG	1.17084
GTGTAT	2.78075
GTGTCA	1.19443
GTGTCC	0.49002
GTGTCG	0.936125
GTGTCT	1.28256
GTGTGA	0.838343
GTGTGC	1.96216
GTGTGG	0.851969
GTGTGT	2.29312
GTGTTA	0.533491
GTGTTC	0.40835
GTGTTG	0.204175
GTGTTT	0.646024
GTTAAA	0.870433
GTTAAC	0.744964
GTTAAG	0.826915
GTTAAT	1.33194
GTTACA	1.2508
GTTACC	1.81739
GTTACG	0.719054
GTTACT	1.17084
GTTAGA	1.60048
GTTAGC	1.04295
GTTAGG	0.878136
GTTAGT	1.25607
GTTATA	0.212029
GTTATC	0.371647
GTTATG	0.726956
GTTATT	0.574243
GTTCAA	2.61129
GTTCAC	2.90535
GTTCAG	2.05699
GTTCAT	3.28333
GTTCCA	4.27471
GTTCCC	4.77394
GTTCCG	0.945041
GTTCCT	4.69425
GTTCGA	3.83495
GTTCGC	0.751736
GTTCGG	3.49399
GTTCGT	2.01685
GTTCTA	0.656278
GTTCTC	1.55046
GTTCTG	1.24037
GTTCTT	1.87546
GTTGAA	1.96217
GTTGAC	1.20591
GTTGAG	1.02562
GTTGAT	2.04176
GTTGCA	2.01685
GTTGCC	2.31363
GTTGCG	0.285142
GTTGCT	3.32514
GTTGGA	3.45215
GTTGGC	2.23266
GTTGGG	1.55795
GTTGGT	1.44709
GTTGTA	1.04452
GTTGTC	0.820081
GTTGTG	1.07012
GTTGTT	1.08646
GTTTAA	2.43209
GTTTAC	1.92568
GTTTAG	2.05219
GTTTAT	1.1559
GTTTCA	1.08135
GTTTCC	1.00053
GTTTCG	0.670468
GTTTCT	2.06067
GTTTGA	1.07858
GTTTGC	2.88457
GTTTGG	2.53843
GTTTGT	1.33373
GTTTTA	0.593298
GTTTTC	0.504557
GTTTTG	0.53565
GTTTTT	0.465269
TAAAAA	0.583702
TAAAAC	0.977259
TAAAAG	0.359528
TAAAAT	0.540758
TAAACA	0.843125
TAAACC	1.96883
TAAACG	1.27217
TAAACT	0.90373
TAAAGA	1.1813
TAAAGC	1.71432
TAAAGG	1.06698
TAAAGT	1.32659
TAAATA	0.536956
TAAATC	0.516819
TAAATG	0.220509
TAAATT	0.156021
TAACAA	2.27772
TAACAC	1.74795
TAACAG	1.69141
TAACAT	1.56266
TAACCA	3.13223
TAACCC	1.92568
TAACCG	1.37819
TAACCT	2.19648
TAACGA	1.22505
TAACGC	1.07858
TAACGG	1.21011
TAACGT	2.51668
TAACTA	1.91495
TAACTC	0.987357
TAACTG	1.02722
TAACTT	1.57008
TAAGAA	1.49592
TAAGAC	1.52075
TAAGAG	0.391437
TAAGAT	1.10255
TAAGCA	2.26416
TAAGCC	1.55045
TAAGCG	0.367516
TAAGCT	3.04152
TAAGGA	1.23561
TAAGGC	1.2342
TAAGGG	1.22855
TAAGGT	2.06729
TAAGTA	0.157507
TAAGTC	0.726956
TAAGTG	1.02651
TAAGTT	0.870432
TAATAA	1.84547
TAATAC	1.63566
TAATAG	0.890518
TAATAT	1.45925
TAATCA	1.25462
TAATCC	1.10665
TAATCG	2.06727
TAATCT	1.1813
TAATGA	1.27217
TAATGC	1.20278
TAATGG	0.731778
TAATGT	2.01686
TAATTA	0.804565
TAATTC	0.199256
TAATTG	0.264612
TAATTT	0.357308
TACAAA	0.105676
TACAAC	0.337514
TACAAG	0
TACAAT	0.137819
TACACA	0.243209
TACACC	1.2186
TACACG	0.312042
TACACT	0.451042
TACAGA	0.367515
TACAGC	0.40835
TACAGG	0.307213
TACAGT	0.214782
TACATA	0.266746
TACATC	0.393768
TACATG	0.406678
TACATT	0.300695
TACCAA	1.8067
TACCAC	0.496144
TACCAG	0.486419
TACCAT	0.403371
TACCCA	1.27217
TACCCC	2.44189
TACCCG	1.80887
TACCCT	1.38782
TACCGA	1.89008
TACCGC	1.14057
TACCGG	0
TACCGT	1.24037
TACCTA	1.04672
TACCTC	0.724305
TACCTG	0.961525
TACCTT	1.03364
TACGAA	0
TACGAC	0
TACGAG	0.403371
TACGAT	0
TACGCA	1.14057
TACGCC	1.4381
TACGCG	0
TACGCT	0.486419
TACGGA	0.424057
TACGGC	0
TACGGG	0
TACGGT	0.403371
TACGTA	0.486419
TACGTC	0.459395
TACGTG	0
TACGTT	0.38461
TACTAA	0.47252
TACTAC	1.05004
TACTAG	1.34094
TACTAT	0.424057
TACTCA	0.546719
TACTCC	0.108093
TACTCG	0
TACTCT	0.683399
TACTGA	0.832861
TACTGC	1.28314
TACTGG	0.88372
TACTGT	1.57506
TACTTA	0
TACTTC	0.13668
TACTTG	0.364814
TACTTT	0.151034
TAGAAA	0.262511
TAGAAC	0.292712
TAGAAG	0.112505
TAGAAT	0.115652
TAGACA	0.833864
TAGACC	0.533491
TAGACG	0.375869
TAGACT	1.47006
TAGAGA	0.347441
TAGAGC	0.228113
TAGAGG	0.601393
TAGAGT	0
TAGATA	0.563802
TAGATC	0.435217
TAGATG	0.297986
TAGATT	0
TAGCAA	0.904433
TAGCAC	1.00667
TAGCAG	0.787532
TAGCAT	1.24037
TAGCCA	1.87225
TAGCCC	1.98459
TAGCCG	1.29712
TAGCCT	1.77592
TAGCGA	1.30565
TAGCGC	2.42023
TAGCGG	0.70878
TAGCGT	2.36261
TAGCTA	0.22349
TAGCTC	0.35439
TAGCTG	0.841947
TAGCTT	1.68186
TAGGAA	0.451043
TAGGAC	0.287621
TAGGAG	0.15979
TAGGAT	0.47252
TAGGCA	0.403371
TAGGCC	1.09445
TAGGCG	0
TAGGCT	0.911555
TAGGGA	1.13755
TAGGGC	0.882039
TAGGGG	0.498642
TAGGGT	0.793837
TAGGTA	0.167052
TAGGTC	0
TAGGTG	0.117292
TAGGTT	0
TAGTAA	0.76922
TAGTAC	1.37818
TAGTAG	0.390666
TAGTAT	1.54357
TAGTCA	0.212029
TAGTCC	0.641015
TAGTCG	0
TAGTCT	0.778269
TAGTGA	0.902087
TAGTGC	1.6334
TAGTGG	0.897421
TAGTGT	1.24817
TAGTTA	0.516818
TAGTTC	0.51149
TAGTTG	0
TAGTTT	0.0978595
TATAAA	0.313521
TATAAC	0.413456
TATAAG	0.413456
TATAAT	0.390666
TATACA	0.902087
TATACC	1.56021
TATACG	1.32306
TATACT	1.61348
TATAGA	0.652824
TATAGC	0.67503
TATAGG	0.870433
TATAGT	0.82691
TATATA	0.300695
TATATC	0
TATATG	0.175939
TATATT	0.59777
TATCAA	2.08903
TATCAC	1.41757
TATCAG	1.65382
TATCAT	1.42923
TATCCA	4.80142
TATCCC	3.91106
TATCCG	0
TATCCT	4.64022
TATCGA	1.32306
TATCGC	0.636087
TATCGG	0
TATCGT	2.95325
TATCTA	1.2887
TATCTC	0.555908
TATCTG	0.701623
TATCTT	1.05339
TATGAA	1.03364
TATGAC	1.58586
TATGAG	0.583701
TATGAT	0.389135
TATGCA	2.86887
TATGCC	2.55745
TATGCG	1.77195
TATGCT	2.72795
TATGGA	0.877024
TATGGC	1.27217
TATGGG	1.26006
TATGGT	0.93173
TATGTA	0.59065
TATGTC	0.41869
TATGTG	0.646023
TATGTT	1.70717
TATTAA	1.59191
TATTAC	0.711321
TATTAG	0.918792
TATTAT	1.03364
TATTCA	1.01948
TATTCC	1.10995
TATTCG	0
TATTCT	1.88159
TATTGA	1.75939
TATTGC	0.51149
TATTGG	1.51882
TATTGT	2.13397
TATTTA	0.467511
TATTTC	0.197668
TATTTG	0.265674
TATTTT	0.302529
TCAAAA	1.56443
TCAAAC	1.1813
TCAAAG	0.93361
TCAAAT	0.791725
TCAACA	1.79764
TCAACC	1.70247
TCAACG	0
TCAACT	1.66572
TCAAGA	1.70497
TCAAGC	1.53634
TCAAGG	0.874267
TCAAGT	1.64469
TCAATA	0.51149
TCAATC	0.315015
TCAATG	0.252491
TCAATT	0.554975
TCACAA	2.71262
TCACAC	2.06728
TCACAG	1.74087
TCACAT	1.72273
TCACCA	4.92471
TCACCC	5.41253
TCACCG	0.887959
TCACCT	4.49584
TCACGA	3.40493
TCACGC	3.52949
TCACGG	1.63892
TCACGT	3.23161
TCACTA	2.17607
TCACTC	1.13567
TCACTG	1.71578
TCACTT	2.41863
TCAGAA	1.43595
TCAGAC	1.39876
TCAGAG	0.863257
TCAGAT	1.09043
TCAGCA	2.58761
TCAGCC	2.22502
TCAGCG	0.507306
TCAGCT	2.15716
TCAGGA	1.62938
TCAGGC	2.62757
TCAGGG	0.632839
TCAGGT	1.71558
TCAGTA	0.771786
TCAGTC	0.417632
TCAGTG	0.561677
TCAGTT	0.296649
TCATAA	2.39866
TCATAC	2.81901
TCATAG	2.39106
TCATAT	3.30765
TCATCA	2.13397
TCATCC	2.60701
TCATCG	0.312042
TCATCT	2.21432
TCATGA	2.16895
TCATGC	3.28885
TCATGG	1.72949
TCATGT	2.75636
TCATTA	0.739135
TCATTC	0.141959
TCATTG	0.547624
TCATTT	0.64226
TCCAAA	0.769219
TCCAAC	0.815785
TCCAAG	0.448493
TCCAAT	0.661529
TCCACA	0.679652
TCCACC	0.574859
TCCACG	0.838896
TCCACT	0.686492
TCCAGA	0.492453
TCCAGC	0.46548
TCCAGG	0.38525
TCCAGT	0.545816
TCCATA	0.516818
TCCATC	0.196883
TCCATG	0.16456
TCCATT	0.129205
TCCCAA	1.00232
TCCCAC	1.603
TCCCAG	1.06453
TCCCAT	1.41024
TCCCCA	2.54994
TCCCCC	2.72395
TCCCCG	1.20191
TCCCCT	2.36261
TCCCGA	1.66306
TCCCGC	0.953051
TCCCGG	1.35006
TCCCGT	1.56932
TCCCTA	1.23651
TCCCTC	0.708781
TCCCTG	0.886909
TCCCTT	1.14906
TCCGAA	0.408352
TCCGAC	0.246839
TCCGAG	0.7421
TCCGAT	0.44698
TCCGCA	0.757476
TCCGCC	1.38782
TCCGCG	0.248696
TCCGCT	0.793837
TCCGGA	1.01948
TCCGGC	0.63261
TCCGGG	0.286376
TCCGGT	0.597766
TCCGTA	0
TCCGTC	0.529223
TCCGTG	0.22051
TCCGTT	0.41869
TCCTAA	1.34613
TCCTAC	1.12761
TCCTAG	1.20424
TCCTAT	1.50347
TCCTCA	0.54143
TCCTCC	0.788672
TCCTCG	0.421356
TCCTCT	1.23755
TCCTGA	1.6497
TCCTGC	1.15821
TCCTGG	1.13806
TCCTGT	1.70717
TCCTTA	0.255745
TCCTTC	0.11225
TCCTTG	0.158008
TCCTTT	0.692487
TCGAAA	0.972836
TCGAAC	0.902084
TCGAAG	0.453102
TCGAAT	0
TCGACA	2.54434
TCGACC	0.992292
TCGACG	0
TCGACT	0.661529
TCGAGA	0.442987
TCGAGC	0.597766
TCGAGG	0.27336
TCGAGT	0.324279
TCGATA	0
TCGATC	0
TCGATG	0
TCGATT	0
TCGCAA	1.05563
TCGCAC	0.855424
TCGCAG	0.570281
TCGCAT	1.94568
TCGCCA	1.52875
TCGCCC	3.14227
TCGCCG	2.14385
TCGCCT	2.21286
TCGCGA	3.30765
TCGCGC	0.146356
TCGCGG	1.07391
TCGCGT	1.35006
TCGCTA	0.435216
TCGCTC	0.229697
TCGCTG	0.782211
TCGCTT	1.34756
TCGGAA	0.367517
TCGGAC	0.194567
TCGGAG	0.510438
TCGGAT	1.27217
TCGGCA	1.10255
TCGGCC	1.04232
TCGGCG	0.527815
TCGGCT	0.530071
TCGGGA	1.1813
TCGGGC	0.751738
TCGGGG	0.484047
TCGGGT	1.35005
TCGGTA	0.459395
TCGGTC	0.453102
TCGGTG	0
TCGGTT	0.246839
TCGTAA	1.96884
TCGTAC	0
TCGTAG	1.57507
TCGTAT	0.636087
TCGTCA	1.37818
TCGTCC	0.59065
TCGTCG	0.551274
TCGTCT	1.50347
TCGTGA	2.22156
TCGTGC	2.71861
TCGTGG	1.50347
TCGTGT	2.43209
TCGTTA	0.359527
TCGTTC	0
TCGTTG	0
TCGTTT	0.408352
TCTAAA	2.12028
TCTAAC	1.68445
TCTAAG	0.925213
TCTAAT	0.713882
TCTACA	2.00463
TCTACC	1.97993
TCTACG	0.44698
TCTACT	1.39269
TCTAGA	1.70247
TCTAGC	1.07192
TCTAGG	1.22855
TCTAGT	1.53132
TCTATA	0.918792
TCTATC	0.898817
TCTATG	0.363478
TCTATT	0.782211
TCTCAA	3.29498
TCTCAC	3.40702
TCTCAG	2.44517
TCTCAT	2.78366
TCTCCA	5.36374
TCTCCC	5.48572
TCTCCG	1.97087
TCTCCT	4.68287
TCTCGA	1.56678
TCTCGC	3.35932
TCTCGG	2.42022
TCTCGT	5.77525
TCTCTA	1.47903
TCTCTC	1.15299
TCTCTG	1.45596
TCTCTT	1.23693
TCTGAA	1.42382
TCTGAC	1.66173
TCTGAG	1.42412
TCTGAT	0.678488
TCTGCA	1.78538
TCTGCC	2.18236
TCTGCG	0.756652
TCTGCT	2.12502
TCTGGA	1.87065
TCTGGC	1.62139
TCTGGG	1.42885
TCTGGT	2.05775
TCTGTA	1.01773
TCTGTC	0.486418
TCTGTG	0.505334
TCTGTT	1.29109
TCTTAA	2.46839
TCTTAC	3.27488
TCTTAG	2.6233
TCTTAT	2.26163
TCTTCA	1.74087
TCTTCC	1.88459
TCTTCG	0
TCTTCT	1.96884
TCTTGA	4.24279
TCTTGC	2.70625
TCTTGG	2.81379
TCTTGT	3.27319
TCTTTA	0.682773
TCTTTC	0.723245
TCTTTG	0.603586
TCTTTT	0.666232
TGAAAA	0.836202
TGAAAC	0.787533
TGAAAG	0.443554
TGAAAT	0.337516
TGAACA	1.24231
TGAACC	1.46121
TGAACG	0.229698
TGAACT	0.865875
TGAAGA	0.81748
TGAAGC	0.437136
TGAAGG	0.638316
TGAAGT	0.581747
TGAATA	0.330765
TGAATC	0.234585
TGAATG	0.551272
TGAATT	0.239684
TGACAA	1.03364
TGACAC	0.644348
TGACAG	1.08804
TGACAT	1.15873
TGACCA	1.97825
TGACCC	2.71782
TGACCG	0.787534
TGACCT	2.21247
TGACGA	1.24817
TGACGC	0.620183
TGACGG	0.93173
TGACGT	1.35559
TGACTA	0.843785
TGACTC	0.645392
TGACTG	0.927376
TGACTT	1.23816
TGAGAA	0.526695
TGAGAC	0.820074
TGAGAG	0.504557
TGAGAT	0.997279
TGAGCA	1.45739
TGAGCC	1.80886
TGAGCG	0.486419
TGAGCT	1.46256
TGAGGA	1.30565
TGAGGC	0.630694
TGAGGG	0.372111
TGAGGT	1.42464
TGAGTA	0.763303
TGAGTC	0.435216
TGAGTG	0.641571
TGAGTT	0.599831
TGATAA	1.34094
TGATAC	1.88411
TGATAG	0.870433
TGATAT	0.929116
TGATCA	0.997993
TGATCC	1.15768
TGATCG	0.359527
TGATCT	1.25606
TGATGA	1.17368
TGATGC	2.51669
TGATGG	0.986226
TGATGT	1.64209
TGATTA	0.13668
TGATTC	0.204175
TGATTG	0.22199
TGATTT	0.319271
TGCAAA	0.326842
TGCAAC	0.192305
TGCAAG	0.486419
TGCAAT	0.318042
TGCACA	0.557469
TGCACC	1.0772
TGCACG	0.260444
TGCACT	1.65382
TGCAGA	0.498411
TGCAGC	0.403371
TGCAGG	0.457579
TGCAGT	0.562205
TGCATA	0.59065
TGCATC	0.298884
TGCATG	0.405845
TGCATT	0.442198
TGCCAA	1.84441
TGCCAC	1.55232
TGCCAG	1.22505
TGCCAT	1.20424
TGCCCA	3.33088
TGCCCC	2.47536
TGCCCG	1.2015
TGCCCT	2.98166
TGCCGA	1.86055
TGCCGC	0.928167
TGCCGG	1.1813
TGCCGT	0.950473
TGCCTA	1.172
TGCCTC	0.677796
TGCCTG	1.19934
TGCCTT	1.45163
TGCGAA	0.542237
TGCGAC	0.787533
TGCGAG	0
TGCGAT	1.08447
TGCGCA	0.147663
TGCGCC	1.21382
TGCGCG	0.252491
TGCGCT	1.2342
TGCGGA	0.11813
TGCGGC	0.409362
TGCGGG	0.283189
TGCGGT	0.802829
TGCGTA	0
TGCGTC	0.348173
TGCGTG	0.410887
TGCGTT	0.212029
TGCTAA	0.942052
TGCTAC	1.20036
TGCTAG	0.554975
TGCTAT	1.10255
TGCTCA	1.3832
TGCTCC	0.772814
TGCTCG	0.557469
TGCTCT	1.07645
TGCTGA	1.89163
TGCTGC	0.74638
TGCTGG	0.988224
TGCTGT	0.949831
TGCTTA	0.544021
TGCTTC	0.285142
TGCTTG	0.345987
TGCTTT	0.344547
TGGAAA	0.16334
TGGAAC	0.0780107
TGGAAG	0.0845945
TGGAAT	0.174699
TGGACA	0.186521
TGGACC	0.999988
TGGACG	0.120717
TGGACT	0.812143
TGGAGA	0.398948
TGGAGC	0.165797
TGGAGG	0.138743
TGGAGT	0.288458
TGGATA	0.120717
TGGATC	0.258409
TGGATG	0
TGGATT	0.0810698
TGGCAA	1.15922
TGGCAC	0.837379
TGGCAG	0.797024
TGGCAT	1.04877
TGGCCA	1.93121
TGGCCC	1.92712
TGGCCG	1.12912
TGGCCT	1.74699
TGGCGA	0.992292
TGGCGC	0.995358
TGGCGG	0.438514
TGGCGT	0.684341
TGGCTA	0.516819
TGGCTC	0.511898
TGGCTG	0.833859
TGGCTT	0.659329
TGGGAA	0.691838
TGGGAC	0.501158
TGGGAG	0.539023
TGGGAT	0.578838
TGGGCA	0.637528
TGGGCC	0.464357
TGGGCG	0.242496
TGGGCT	0.576915
TGGGGA	0.744486
TGGGGC	0.493678
TGGGGG	0.601827
TGGGGT	0.587851
TGGGTA	0.636084
TGGGTC	0.141959
TGGGTG	0.431091
TGGGTT	0.142571
TGGTAA	0.980043
TGGTAC	0.661528
TGGTAG	0.820081
TGGTAT	0.348173
TGGTCA	0.67503
TGGTCC	0.648556
TGGTCG	0
TGGTCT	0.427186
TGGTGA	1.06094
TGGTGC	0.760377
TGGTGG	0.493678
TGGTGT	1.3976
TGGTTA	0
TGGTTC	0.183759
TGGTTG	0.201685
TGGTTT	0.45399
TGTAAA	0.965263
TGTAAC	0.700774
TGTAAG	0.570281
TGTAAT	0.158513
TGTACA	1.07082
TGTACC	1.08194
TGTACG	0.403371
TGTACT	1.23755
TGTAGA	0.744964
TGTAGC	1.16057
TGTAGG	0.24684
TGTAGT	0.76163
TGTATA	0.642263
TGTATC	0.175939
TGTATG	0.400118
TGTATT	0.49054
TGTCAA	2.11392
TGTCAC	2.92711
TGTCAG	1.23011
TGTCAT	1.84899
TGTCCA	5.27043
TGTCCC	4.87565
TGTCCG	2.93669
TGTCCT	4.75411
TGTCGA	1.53844
TGTCGC	0.918793
TGTCGG	0.848114
TGTCGT	2.9823
TGTCTA	0.904433
TGTCTC	0.710231
TGTCTG	1.22094
TGTCTT	1.41352
TGTGAA	0.694883
TGTGAC	0.836203
TGTGAG	0.525952
TGTGAT	1.09525
TGTGCA	1.85129
TGTGCC	2.42711
TGTGCG	1.03364
TGTGCT	2.626
TGTGGA	1.56021
TGTGGC	1.25897
TGTGGG	0.737926
TGTGGT	1.62938
TGTGTA	0.751735
TGTGTC	0.588317
TGTGTG	0.376528
TGTGTT	1.0627
TGTTAA	1.37104
TGTTAC	1.02449
TGTTAG	1.16285
TGTTAT	2.54434
TGTTCA	0.769218
TGTTCC	1.50347
TGTTCG	0
TGTTCT	1.86431
TGTTGA	2.75637
TGTTGC	1.27217
TGTTGG	1.50944
TGTTGT	2.60247
TGTTTA	0.90798
TGTTTC	0.465864
TGTTTG	0.556331
TGTTTT	0.572754
TTAAAA	1.13956
TTAAAC	1.05768
TTAAAG	0.95874
TTAAAT	0.594901
TTAACA	1.41995
TTAACC	2.1089
TTAACG	0.435216
TTAACT	1.48658
TTAAGA	2.64611
TTAAGC	0.870433
TTAAGG	0.560618
TTAAGT	0.887959
TTAATA	0.71132
TTAATC	0.603585
TTAATG	0.657151
TTAATT	0.416931
TTACAA	2.09
TTACAC	2.38049
TTACAG	1.46599
TTACAT	1.96884
TTACCA	5.04982
TTACCC	5.80287
TTACCG	2.3626
TTACCT	3.15013
TTACGA	2.68188
TTACGC	2.13396
TTACGG	1.68757
TTACGT	2.2051
TTACTA	1.91961
TTACTC	1.74795
TTACTG	1.27217
TTACTT	1.93086
TTAGAA	1.77483
TTAGAC	1.41757
TTAGAG	1.30811
TTAGAT	1.73385
TTAGCA	1.84967
TTAGCC	2.59762
TTAGCG	2.06728
TTAGCT	2.23752
TTAGGA	1.6032
TTAGGC	1.47663
TTAGGG	1.75111
TTAGGT	0.546719
TTAGTA	0.654053
TTAGTC	0.996278
TTAGTG	0.28031
TTAGTT	0.24684
TTATAA	1.9188
TTATAC	2.12029
TTATAG	1.88594
TTATAT	1.96608
TTATCA	1.70247
TTATCC	2.3626
TTATCG	0.612527
TTATCT	1.18736
TTATGA	1.86722
TTATGC	2.89419
TTATGG	1.82072
TTATGT	3.34951
TTATTA	0.238531
TTATTC	0.737373
TTATTG	0.438099
TTATTT	0.678104
TTCAAA	0.661529
TTCAAC	0.979241
TTCAAG	0.706257
TTCAAT	0.324279
TTCACA	1.07309
TTCACC	0.976941
TTCACG	0.168757
TTCACT	1.39038
TTCAGA	0.494499
TTCAGC	0.316018
TTCAGG	0.377093
TTCAGT	0.615058
TTCATA	0.570281
TTCATC	0.522261
TTCATG	0.359527
TTCATT	0.252878
TTCCAA	1.42923
TTCCAC	1.23336
TTCCAG	0.803726
TTCCAT	1.1813
TTCCCA	3.00374
TTCCCC	2.19349
TTCCCG	0.787534
TTCCCT	2.40849
TTCCGA	1.1813
TTCCGC	1.10255
TTCCGG	1.20036
TTCCGT	1.52075
TTCCTA	1.11397
TTCCTC	0.362152
TTCCTG	0.73581
TTCCTT	0.561251
TTCGAA	0
TTCGAC	1.00232
TTCGAG	0.410039
TTCGAT	0
TTCGCA	0
TTCGCC	1.85228
TTCGCG	0
TTCGCT	0.435217
TTCGGA	0.527815
TTCGGC	0.652824
TTCGGG	0.91879
TTCGGT	0.813354
TTCGTA	0.806743
TTCGTC	0
TTCGTG	0
TTCGTT	0.246839
TTCTAA	0.870432
TTCTAC	1.29021
TTCTAG	1.25729
TTCTAT	0.349399
TTCTCA	1.09486
TTCTCC	0.534506
TTCTCG	0.435215
TTCTCT	0.613949
TTCTGA	1.15139
TTCTGC	1.14918
TTCTGG	1.14621
TTCTGT	1.4446
TTCTTA	0.38461
TTCTTC	0.052171
TTCTTG	0.306263
TTCTTT	0.23626
TTGAAA	0.363478
TTGAAC	0.46369
TTGAAG	0.391902
TTGAAT	0.371645
TTGACA	0.966523
TTGACC	0.5949
TTGACG	0.324279
TTGACT	0.965735
TTGAGA	0.814383
TTGAGC	0.353759
TTGAGG	0.262511
TTGAGT	0.91879
TTGATA	0
TTGATC	0.477065
TTGATG	0.25841
TTGATT	0.192305
TTGCAA	0.832109
TTGCAC	1.18902
TTGCAG	0.910361
TTGCAT	1.20717
TTGCCA	2.31663
TTGCCC	2.39028
TTGCCG	0.187934
TTGCCT	1.72873
TTGCGA	1.4381
TTGCGC	0.848114
TTGCGG	0.795109
TTGCGT	1.29712
TTGCTA	1.44294
TTGCTC	1.00938
TTGCTG	0.784865
TTGCTT	0.503063
TTGGAA	0.457983
TTGGAC	0.228113
TTGGAG	0.383494
TTGGAT	0.520069
TTGGCA	1.12012
TTGGCC	1.04672
TTGGCG	0.51149
TTGGCT	1.4978
TTGGGA	1.0723
TTGGGC	0.863443
TTGGGG	0.793499
TTGGGT	1.51882
TTGGTA	0.334105
TTGGTC	0.362151
TTGGTG	0
TTGGTT	0.893959
TTGTAA	0.840927
TTGTAC	1.77831
TTGTAG	0.424055
TTGTAT	1.1436
TTGTCA	0.870432
TTGTCC	0.282705
TTGTCG	0
TTGTCT	1.1757
TTGTGA	1.83759
TTGTGC	1.35401
TTGTGG	1.1866
TTGTGT	2.47674
TTGTTA	0.586462
TTGTTC	0.17688
TTGTTG	0.340993
TTGTTT	0.526216
TTTAAA	0.834361
TTTAAC	0.650378
TTTAAG	1.35313
TTTAAT	0.739514
TTTACA	0.956293
TTTACC	1.51494
TTTACG	0.902084
TTTACT	1.33492
TTTAGA	0.906202
TTTAGC	1.08646
TTTAGG	0.893959
TTTAGT	0.468065
TTTATA	0.24932
TTTATC	0.355661
TTTATG	0.263907
TTTATT	0.19595
TTTCAA	1.58345
TTTCAC	1.80304
TTTCAG	1.39017
TTTCAT	2.18086
TTTCCA	3.96916
TTTCCC	3.97324
TTTCCG	1.63566
TTTCCT	3.34782
TTTCGA	3.30765
TTTCGC	2.59033
TTTCGG	2.81901
TTTCGT	3.07139
TTTCTA	1.17248
TTTCTC	0.791122
TTTCTG	0.840279
TTTCTT	1.02202
TTTGAA	0.763302
TTTGAC	2.73881
TTTGAG	0.480143
TTTGAT	0.570285
TTTGCA	2.25521
TTTGCC	1.96883
TTTGCG	0.59065
TTTGCT	2.0534
TTTGGA	1.51264
TTTGGC	1.48507
TTTGGG	0.759
TTTGGT	1.21011
TTTGTA	0.131256
TTTGTC	0.538454
TTTGTG	0.230497
TTTGTT	1.14465
TTTTAA	1.70146
TTTTAC	2.15716
TTTTAG	0.993462
TTTTAT	2.08547
TTTTCA	1.12297
TTTTCC	1.32714
TTTTCG	1.01774
TTTTCT	1.14244
TTTTGA	2.22737
TTTTGC	2.4771
TTTTGG	1.61787
TTTTGT	1.603
TTTTTA	0.523984
TTTTTC	0.39207
TTTTTG	0.598669
TTTTTT	0.246251
