kmer	count
AAAAAA	0.302123
AAAAAC	0.187951
AAAAAG	0.244401
AAAAAT	0.0814419
AAAACA	0.466856
AAAACC	0.4479
AAAACG	0.469879
AAAACT	0.638032
AAAAGA	0.323208
AAAAGC	0.329037
AAAAGG	0.426979
AAAAGT	0.245852
AAAATA	0.312667
AAAATC	0.0800589
AAAATG	0.0907525
AAAATT	0.0420375
AAACAA	1.03761
AAACAC	0.808548
AAACAG	0.85396
AAACAT	0.794607
AAACCA	1.22075
AAACCC	1.3173
AAACCG	0.652947
AAACCT	1.66145
AAACGA	1.95521
AAACGC	1.22626
AAACGG	1.16923
AAACGT	1.43648
AAACTA	0.730159
AAACTC	0.659609
AAACTG	0.46676
AAACTT	0.49944
AAAGAA	0.545171
AAAGAC	0.494527
AAAGAG	0.294591
AAAGAT	0.14658
AAAGCA	0.814421
AAAGCC	0.813101
AAAGCG	0.577896
AAAGCT	0.957653
AAAGGA	0.411356
AAAGGC	0.546487
AAAGGG	0.729612
AAAGGT	0.529231
AAAGTA	0.278285
AAAGTC	0.0941516
AAAGTG	0.0938002
AAAGTT	0.494527
AAATAA	0.589183
AAATAC	0.565615
AAATAG	0.345545
AAATAT	0.541258
AAATCA	0.74736
AAATCC	0.490505
AAATCG	0
AAATCT	0.360149
AAATGA	0.887239
AAATGC	0.790067
AAATGG	0.125379
AAATGT	0.691308
AAATTA	0.447126
AAATTC	0
AAATTG	0.163236
AAATTT	0.17956
AACAAA	0.0457896
AACAAC	0.349144
AACAAG	0.175181
AACAAT	0.132308
AACACA	0.387596
AACACC	0.294591
AACACG	0.253924
AACACT	0.664033
AACAGA	0.446621
AACAGC	0.0863863
AACAGG	0.0677586
AACAGT	0.189724
AACATA	0.256515
AACATC	0.429717
AACATG	0.152354
AACATT	0.167033
AACCAA	0.598532
AACCAC	0.343019
AACCAG	0.457063
AACCAT	0
AACCCA	1.08191
AACCCC	0.47688
AACCCG	0.292307
AACCCT	0.872862
AACCGA	1.47873
AACCGC	0.426076
AACCGG	0.584616
AACCGT	1.82825
AACCTA	0.804427
AACCTC	0.564204
AACCTG	0.211841
AACCTT	0.424277
AACGAA	0
AACGAC	1.35884
AACGAG	0
AACGAT	0.76177
AACGCA	0
AACGCC	0.457063
AACGCG	0
AACGCT	1.37119
AACGGA	0
AACGGC	0
AACGGG	0
AACGGT	0
AACGTA	0
AACGTC	0.613132
AACGTG	0
AACGTT	0
AACTAA	0
AACTAC	0.639114
AACTAG	0.474311
AACTAT	0.199512
AACTCA	0.613131
AACTCC	0.220513
AACTCG	0
AACTCT	0.264615
AACTGA	0.700452
AACTGC	0.206053
AACTGG	0.380886
AACTGT	0.537147
AACTTA	0.584613
AACTTC	0.194871
AACTTG	0
AACTTT	0.0860907
AAGAAA	0.224952
AAGAAC	0.320235
AAGAAG	0.0502769
AAGAAT	0.161662
AAGACA	0.470978
AAGACC	0.278285
AAGACG	0.330769
AAGACT	0.989703
AAGAGA	0.292308
AAGAGC	0.478828
AAGAGG	0.404525
AAGAGT	0.666549
AAGATA	0.222464
AAGATC	0.121442
AAGATG	0
AAGATT	0.0993616
AAGCAA	0.821104
AAGCAC	0.258272
AAGCAG	0.438142
AAGCAT	0.391259
AAGCCA	1.36622
AAGCCC	1.33086
AAGCCG	0
AAGCCT	1.12665
AAGCGA	0
AAGCGC	0.866843
AAGCGG	1.27283
AAGCGT	0.359121
AAGCTA	0.598534
AAGCTC	0.355313
AAGCTG	0.305078
AAGCTT	0.820847
AAGGAA	0.437824
AAGGAC	0.47431
AAGGAG	0.15454
AAGGAT	0.101775
AAGGCA	0.60429
AAGGCC	0.38438
AAGGCG	0.288948
AAGGCT	0.513028
AAGGGA	0.308826
AAGGGC	0.175181
AAGGGG	0.456026
AAGGGT	0.604289
AAGGTA	0.266015
AAGGTC	0.238279
AAGGTG	0.127606
AAGGTT	0.130251
AAGTAA	0.613134
AAGTAC	0.843573
AAGTAG	0.242884
AAGTAT	0.259159
AAGTCA	0.505657
AAGTCC	0
AAGTCG	0.502769
AAGTCT	0.262771
AAGTGA	0.688724
AAGTGC	0.141625
AAGTGG	0.421987
AAGTGT	0.372421
AAGTTA	0.241716
AAGTTC	0.10789
AAGTTG	0.107429
AAGTTT	0.256514
AATAAA	0.252648
AATAAC	0.584613
AATAAG	0
AATAAT	0
AATACA	0.347216
AATACC	0.810917
AATACG	0
AATACT	0.921301
AATAGA	0.417234
AATAGC	0.531092
AATAGG	0.383792
AATAGT	0.160118
AATATA	0.515132
AATATC	0.189011
AATATG	0.111726
AATATT	0
AATCAA	0.778623
AATCAC	0.477917
AATCAG	0.39588
AATCAT	0.914125
AATCCA	1.70844
AATCCC	0.87438
AATCCG	0
AATCCT	1.13749
AATCGA	1.43648
AATCGC	1.19707
AATCGG	0
AATCGT	0
AATCTA	0.164303
AATCTC	0.110257
AATCTG	0.382818
AATCTT	0.36565
AATGAA	0.313447
AATGAC	0.344361
AATGAG	0.374085
AATGAT	0.43156
AATGCA	0.268382
AATGCC	0.274737
AATGCG	0
AATGCT	0.764666
AATGGA	0.283516
AATGGC	0.109298
AATGGG	0.598532
AATGGT	0.537721
AATGTA	0.248895
AATGTC	0.394844
AATGTG	0.0808312
AATGTT	0.304094
AATTAA	0
AATTAC	0.61313
AATTAG	0.186903
AATTAT	0.288947
AATTCA	0.182825
AATTCC	0.141227
AATTCG	0
AATTCT	0.639112
AATTGA	0.510424
AATTGC	0.273245
AATTGG	0.364326
AATTGT	0.592889
AATTTA	0
AATTTC	0.0835165
AATTTG	0.0927618
AATTTT	0.0445717
ACAAAA	0.939404
ACAAAC	0.769543
ACAAAG	0.265313
ACAAAT	0.251385
ACAACA	1.19301
ACAACC	1.33715
ACAACG	0.441025
ACAACT	0.935383
ACAAGA	1.16536
ACAAGC	1.18021
ACAAGG	1.11314
ACAAGT	0.769546
ACAATA	0.288948
ACAATC	0.177031
ACAATG	0.394844
ACAATT	0.537721
ACACAA	1.57115
ACACAC	1.81899
ACACAG	1.48645
ACACAT	1.18299
ACACCA	2.51384
ACACCC	3.63036
ACACCG	1.8394
ACACCT	3.31428
ACACGA	1.93372
ACACGC	1.2414
ACACGG	1.34327
ACACGT	2.94413
ACACTA	1.72706
ACACTC	0.95025
ACACTG	1.07736
ACACTT	1.31812
ACAGAA	1.06745
ACAGAC	1.17264
ACAGAG	0.759578
ACAGAT	0.741548
ACAGCA	1.39348
ACAGCC	2.40177
ACAGCG	1.53017
ACAGCT	2.11086
ACAGGA	1.14266
ACAGGC	1.17978
ACAGGG	0.686553
ACAGGT	0.821964
ACAGTA	0.228532
ACAGTC	0.444928
ACAGTG	0.317404
ACAGTT	0.501099
ACATAA	2.47477
ACATAC	2.17964
ACATAG	2.25794
ACATAT	1.82352
ACATCA	0.937367
ACATCC	1.28503
ACATCG	1.30026
ACATCT	1.71957
ACATGA	1.74035
ACATGC	1.19191
ACATGG	0.876138
ACATGT	2.32943
ACATTA	0.399022
ACATTC	0.598535
ACATTG	0.500267
ACATTT	0.368135
ACCAAA	0.232047
ACCAAC	0.931051
ACCAAG	0.245652
ACCAAT	1.04021
ACCACA	0.69252
ACCACC	1.15092
ACCACG	0.239414
ACCACT	0.933714
ACCAGA	0.36645
ACCAGC	0.298556
ACCAGG	0.647898
ACCAGT	0.619172
ACCATA	0.330769
ACCATC	0.274238
ACCATG	0.28978
ACCATT	0.239414
ACCCAA	1.38123
ACCCAC	1.35041
ACCCAG	1.21246
ACCCAT	1.69201
ACCCCA	1.86743
ACCCCC	2.12541
ACCCCG	0.948625
ACCCCT	2.44854
ACCCGA	0.739366
ACCCGC	0.483433
ACCCGG	0.16648
ACCCGT	1.8621
ACCCTA	0.805717
ACCCTC	0.586318
ACCCTG	0.705831
ACCCTT	0.94862
ACCGAA	0
ACCGAC	0
ACCGAG	0.679416
ACCGAT	0
ACCGCA	1.01365
ACCGCC	1.01913
ACCGCG	1.02606
ACCGCT	0.405459
ACCGGA	0
ACCGGC	1.82825
ACCGGG	0.405459
ACCGGT	0
ACCGTA	0
ACCGTC	0.344362
ACCGTG	0.182163
ACCGTT	0.441025
ACCTAA	1.63946
ACCTAC	1.15012
ACCTAG	1.36807
ACCTAT	1.62934
ACCTCA	0.336676
ACCTCC	0.424277
ACCTCG	0
ACCTCT	0.639655
ACCTGA	1.56088
ACCTGC	0.979419
ACCTGG	1.23543
ACCTGT	0.707219
ACCTTA	0.375199
ACCTTC	0.162183
ACCTTG	0.0855048
ACCTTT	0.674208
ACGAAA	0
ACGAAC	0.474311
ACGAAG	0
ACGAAT	0.785577
ACGACA	0.483432
ACGACC	0
ACGACG	1.25692
ACGACT	1.14266
ACGAGA	0
ACGAGC	0
ACGAGG	0.426077
ACGAGT	1.06972
ACGATA	0
ACGATC	0
ACGATG	0.492911
ACGATT	0
ACGCAA	0.465527
ACGCAC	1.16923
ACGCAG	0.492911
ACGCAT	1.97164
ACGCCA	0.739366
ACGCCC	1.11727
ACGCCG	0
ACGCCT	1.71399
ACGCGA	0
ACGCGC	1.7956
ACGCGG	0
ACGCGT	1.79561
ACGCTA	1.67589
ACGCTC	0
ACGCTG	0.211247
ACGCTT	1.00554
ACGGAA	0.339709
ACGGAC	0
ACGGAG	0
ACGGAT	0
ACGGCA	1.87201
ACGGCC	0.540612
ACGGCG	0
ACGGCT	0.429716
ACGGGA	1.01913
ACGGGC	1.17836
ACGGGG	0.805717
ACGGGT	0.785577
ACGGTA	0
ACGGTC	0.523718
ACGGTG	0
ACGGTT	0
ACGTAA	1.42293
ACGTAC	0.76177
ACGTAG	0.418974
ACGTAT	0
ACGTCA	0.688725
ACGTCC	0.718241
ACGTCG	0
ACGTCT	0.652947
ACGTGA	2.2181
ACGTGC	0.628458
ACGTGG	1.52869
ACGTGT	1.87201
ACGTTA	1.06972
ACGTTC	0
ACGTTG	0
ACGTTT	0.584615
ACTAAA	1.35884
ACTAAC	1.59972
ACTAAG	0.785577
ACTAAT	0.897804
ACTACA	1.40862
ACTACC	1.44236
ACTACG	0
ACTACT	0.69188
ACTAGA	0.48971
ACTAGC	1.93372
ACTAGG	0.744842
ACTAGT	0.995585
ACTATA	0.633741
ACTATC	0.679418
ACTATG	0.477311
ACTATT	0.366986
ACTCAA	2.0273
ACTCAC	1.78952
ACTCAG	1.54413
ACTCAT	1.19139
ACTCCA	4.26769
ACTCCC	4.91838
ACTCCG	2.57097
ACTCCT	5.08118
ACTCGA	2.28531
ACTCGC	1.39658
ACTCGG	1.50831
ACTCGT	2.56515
ACTCTA	0.931057
ACTCTC	0.386744
ACTCTG	0.78035
ACTCTT	1.14266
ACTGAA	0.739366
ACTGAC	1.1256
ACTGAG	0.550979
ACTGAT	0.828742
ACTGCA	1.42783
ACTGCC	2.59436
ACTGCG	0.732185
ACTGCT	2.50576
ACTGGA	1.26666
ACTGGC	1.34842
ACTGGG	1.20568
ACTGGT	1.40367
ACTGTA	0.367879
ACTGTC	0.687378
ACTGTG	0.629893
ACTGTT	0.688725
ACTTAA	1.19707
ACTTAC	2.33072
ACTTAG	1.38694
ACTTAT	2.90059
ACTTCA	0.894897
ACTTCC	1.19707
ACTTCG	0
ACTTCT	1.9219
ACTTGA	1.96661
ACTTGC	2.22902
ACTTGG	1.26597
ACTTGT	1.45539
ACTTTA	0.355733
ACTTTC	0.262771
ACTTTG	0.315018
ACTTTT	0.259158
AGAAAA	0.288285
AGAAAC	0.33743
AGAAAG	0.171711
AGAAAT	0.104962
AGAACA	0.393815
AGAACC	1.04076
AGAACG	0.412106
AGAACT	0.976249
AGAAGA	0.582356
AGAAGC	0.177448
AGAAGG	0.335178
AGAAGT	0.315215
AGAATA	0
AGAATC	0.0888283
AGAATG	0.191896
AGAATT	0.156626
AGACAA	1.7956
AGACAC	0.846631
AGACAG	1.07855
AGACAT	1.30477
AGACCA	2.42608
AGACCC	3.13251
AGACCG	0.483432
AGACCT	3.55115
AGACGA	0.88205
AGACGC	1.18298
AGACGG	0.852152
AGACGT	1.73369
AGACTA	0.48971
AGACTC	0.588523
AGACTG	0.584613
AGACTT	1.17378
AGAGAA	0.549904
AGAGAC	0.773491
AGAGAG	0.432799
AGAGAT	0.137745
AGAGCA	0.945472
AGAGCC	1.06125
AGAGCG	0.369683
AGAGCT	0.87438
AGAGGA	1.16829
AGAGGC	0.62846
AGAGGG	0.486237
AGAGGT	0.598534
AGAGTA	0
AGAGTC	0.174572
AGAGTG	0.192386
AGAGTT	0.326472
AGATAA	1.26218
AGATAC	1.49634
AGATAG	0.855048
AGATAT	0.94101
AGATCA	0.880648
AGATCC	0.771118
AGATCG	0
AGATCT	0.866842
AGATGA	1.07092
AGATGC	1.31812
AGATGG	0.735043
AGATGT	1.71753
AGATTA	0.74374
AGATTC	0
AGATTG	0.49779
AGATTT	0.143648
AGCAAA	0.1876
AGCAAC	0.40383
AGCAAG	0.202186
AGCAAT	0.86312
AGCACA	0.133715
AGCACC	1.03593
AGCACG	0.232763
AGCACT	0.747825
AGCAGA	0.417234
AGCAGC	0.516866
AGCAGG	0.45782
AGCAGT	0.248896
AGCATA	0
AGCATC	0.295746
AGCATG	0
AGCATT	0.382333
AGCCAA	0.713146
AGCCAC	0.89249
AGCCAG	0.496153
AGCCAT	1.2436
AGCCCA	1.08477
AGCCCC	1.28211
AGCCCG	0.974361
AGCCCT	2.34244
AGCCGA	0.230627
AGCCGC	0.220512
AGCCGG	0.446244
AGCCGT	1.28915
AGCCTA	0.897804
AGCCTC	0.468194
AGCCTG	0.579069
AGCCTT	1.44299
AGCGAA	0.364326
AGCGAC	1.19707
AGCGAG	0
AGCGAT	0.931052
AGCGCA	1.1256
AGCGCC	1.14265
AGCGCG	0
AGCGCT	1.30589
AGCGGA	1.06219
AGCGGC	0
AGCGGG	0.426077
AGCGGT	1.27823
AGCGTA	0
AGCGTC	0.652947
AGCGTG	0.380886
AGCGTT	0.433422
AGCTAA	0.688725
AGCTAC	0.174572
AGCTAG	0.142832
AGCTAT	0.785577
AGCTCA	0.493879
AGCTCC	0.328179
AGCTCG	0
AGCTCT	0.814961
AGCTGA	0.627037
AGCTGC	0.496807
AGCTGG	0.936604
AGCTGT	0.590104
AGCTTA	0.351587
AGCTTC	0.394845
AGCTTG	0
AGCTTT	0
AGGAAA	0.214334
AGGAAC	0.509564
AGGAAG	0.159682
AGGAAT	0.446904
AGGACA	0.635522
AGGACC	0.914127
AGGACG	0.273244
AGGACT	0.753212
AGGAGA	0.312764
AGGAGC	0.477689
AGGAGG	0.14464
AGGAGT	0.30807
AGGATA	0
AGGATC	0.109298
AGGATG	0.152354
AGGATT	0.108825
AGGCAA	0.813543
AGGCAC	0.705416
AGGCAG	0.517725
AGGCAT	0.385559
AGGCCA	1.49576
AGGCCC	2.09062
AGGCCG	1.00553
AGGCCT	1.76676
AGGCGA	0.828739
AGGCGC	0.878968
AGGCGG	0.885934
AGGCGT	0.158104
AGGCTA	1.04743
AGGCTC	0.5628
AGGCTG	0.533871
AGGCTT	1.08289
AGGGAA	0.235489
AGGGAC	0.379735
AGGGAG	0.263426
AGGGAT	0.225457
AGGGCA	0.845463
AGGGCC	0.481374
AGGGCG	0.497793
AGGGCT	1.23543
AGGGGA	0.763218
AGGGGC	0.779084
AGGGGG	0.442132
AGGGGT	1.02906
AGGGTA	0.318208
AGGGTC	0.718239
AGGGTG	0.235489
AGGGTT	0.518319
AGGTAA	0.244063
AGGTAC	0.767582
AGGTAG	0.537147
AGGTAT	1.181
AGGTCA	0.43218
AGGTCC	0.260502
AGGTCG	0.852152
AGGTCT	0.860907
AGGTGA	0.506143
AGGTGC	0.670359
AGGTGG	0.716195
AGGTGT	0.69829
AGGTTA	0.28405
AGGTTC	0
AGGTTG	0.461256
AGGTTT	0.0771118
AGTAAA	0.36565
AGTAAC	1.04021
AGTAAG	0.270305
AGTAAT	0.826923
AGTACA	1.10905
AGTACC	1.30929
AGTACG	0
AGTACT	1.876
AGTAGA	0.356573
AGTAGC	0.481887
AGTAGG	0.688724
AGTAGT	0.773489
AGTATA	0.206053
AGTATC	0.558632
AGTATG	0.364326
AGTATT	0.271767
AGTCAA	1.75969
AGTCAC	0.924206
AGTCAG	0.663477
AGTCAT	2.1344
AGTCCA	2.22579
AGTCCC	2.70953
AGTCCG	2.79315
AGTCCT	3.51587
AGTCGA	0
AGTCGC	0.534861
AGTCGG	0.502769
AGTCGT	2.15472
AGTCTA	1.33479
AGTCTC	0.494294
AGTCTG	0.50277
AGTCTT	1.16471
AGTGAA	0.601718
AGTGAC	0.624002
AGTGAG	0.170719
AGTGAT	0.625854
AGTGCA	0.802289
AGTGCC	1.92631
AGTGCG	0.386745
AGTGCT	1.74338
AGTGGA	1.2911
AGTGGC	0.874888
AGTGGG	0.731095
AGTGGT	1.47873
AGTGTA	0.165385
AGTGTC	0.437189
AGTGTG	0.0665039
AGTGTT	1.11536
AGTTAA	0.571328
AGTTAC	0.328606
AGTTAG	0.316208
AGTTAT	0.465527
AGTTCA	0.821519
AGTTCC	0.791761
AGTTCG	0
AGTTCT	0.571326
AGTTGA	1.73768
AGTTGC	1.35884
AGTTGG	0.57657
AGTTGT	1.43648
AGTTTA	0.250134
AGTTTC	0.12958
AGTTTG	0.0907525
AGTTTT	0.117196
ATAAAA	0.575689
ATAAAC	1.01569
ATAAAG	1.03026
ATAAAT	0.522356
ATAACA	1.53127
ATAACC	2.49464
ATAACG	0.83795
ATAACT	1.35884
ATAAGA	1.4573
ATAAGC	0.608188
ATAAGG	0.1876
ATAAGT	0.767582
ATAATA	0.178287
ATAATC	0.344363
ATAATG	0.561753
ATAATT	0.305324
ATACAA	1.85883
ATACAC	0.690617
ATACAG	1.60196
ATACAT	1.66113
ATACCA	3.16111
ATACCC	5.65129
ATACCG	1.04744
ATACCT	2.62639
ATACGA	0
ATACGC	0.558632
ATACGG	1.73369
ATACGT	2.15472
ATACTA	1.30347
ATACTC	1.71886
ATACTG	0.369683
ATACTT	1.75094
ATAGAA	1.13329
ATAGAC	1.24654
ATAGAG	0.591493
ATAGAT	1.19707
ATAGCA	1.27822
ATAGCC	3.53185
ATAGCG	0
ATAGCT	1.77031
ATAGGA	2.7549
ATAGGC	1.93372
ATAGGG	0.798047
ATAGGT	1.9504
ATAGTA	0.405459
ATAGTC	0
ATAGTG	0.366986
ATAGTT	1.02606
ATATAA	2.06617
ATATAC	2.0636
ATATAG	0.667392
ATATAT	1.07298
ATATCA	0.351587
ATATCC	0.497793
ATATCG	0
ATATCT	0.998883
ATATGA	2.82304
ATATGC	1.36807
ATATGG	1.62183
ATATGT	2.68923
ATATTA	0.373343
ATATTC	0.459848
ATATTG	0.832401
ATATTT	0.376137
ATCAAA	0.536765
ATCAAC	0.516543
ATCAAG	1.01716
ATCAAT	0
ATCACA	0.98731
ATCACC	1.3072
ATCACG	0.248897
ATCACT	1.31874
ATCAGA	1.18898
ATCAGC	0.647342
ATCAGG	0.442967
ATCAGT	1.47874
ATCATA	0.324367
ATCATC	0.665037
ATCATG	0.49291
ATCATT	0.217649
ATCCAA	0.405458
ATCCAC	0.987974
ATCCAG	0.709551
ATCCAT	0.891434
ATCCCA	1.97849
ATCCCC	3.25868
ATCCCG	0.418974
ATCCCT	2.31539
ATCCGA	0.83795
ATCCGC	1.99512
ATCCGG	0.523718
ATCCGT	0
ATCCTA	1.55897
ATCCTC	0.698289
ATCCTG	0.41666
ATCCTT	0.962237
ATCGAA	0
ATCGAC	0
ATCGAG	0.798046
ATCGAT	0
ATCGCA	0.985822
ATCGCC	1.11726
ATCGCG	0
ATCGCT	2.07022
ATCGGA	1.19707
ATCGGC	0.628462
ATCGGG	0
ATCGGT	0.628462
ATCGTA	0
ATCGTC	0
ATCGTG	0
ATCGTT	0
ATCTAA	1.47874
ATCTAC	1.44236
ATCTAG	0.831023
ATCTAT	1.20527
ATCTCA	0.470504
ATCTCC	0.531095
ATCTCG	0.248897
ATCTCT	0.977605
ATCTGA	1.33715
ATCTGC	1.10033
ATCTGG	1.10609
ATCTGT	1.73369
ATCTTA	0.287296
ATCTTC	0.57133
ATCTTG	0.186903
ATCTTT	0.369683
ATGAAA	0.62846
ATGAAC	1.54151
ATGAAG	0.501335
ATGAAT	0.4489
ATGACA	0.550477
ATGACC	0.780696
ATGACG	0
ATGACT	1.75385
ATGAGA	0.206052
ATGAGC	0.870176
ATGAGG	0.359121
ATGAGT	0.352407
ATGATA	0.147874
ATGATC	0.308447
ATGATG	0.380886
ATGATT	0.245253
ATGCAA	1.47254
ATGCAC	1.6759
ATGCAG	0.895136
ATGCAT	1.66795
ATGCCA	2.79316
ATGCCC	3.15502
ATGCCG	1.7956
ATGCCT	2.75813
ATGCGA	0.931055
ATGCGC	0.584616
ATGCGG	0.679418
ATGCGT	3.08717
ATGCTA	0.366986
ATGCTC	0.495337
ATGCTG	0.423683
ATGCTT	0.883774
ATGGAA	0.544515
ATGGAC	1.21883
ATGGAG	0.482106
ATGGAT	0.847363
ATGGCA	1.49424
ATGGCC	0.736269
ATGGCG	0.488124
ATGGCT	1.35639
ATGGGA	1.07855
ATGGGC	0.859434
ATGGGG	0.209924
ATGGGT	0.573937
ATGGTA	0.165385
ATGGTC	0.297496
ATGGTG	0.36788
ATGGTT	0.521004
ATGTAA	1.15432
ATGTAC	1.59609
ATGTAG	0.806584
ATGTAT	1.94441
ATGTCA	0.575691
ATGTCC	0.506143
ATGTCG	0
ATGTCT	1.37119
ATGTGA	1.52626
ATGTGC	1.49634
ATGTGG	0.698289
ATGTGT	2.20651
ATGTTA	0.268861
ATGTTC	0
ATGTTG	0.261858
ATGTTT	0.448902
ATTAAA	0.649572
ATTAAC	1.74035
ATTAAG	0.446244
ATTAAT	0.285665
ATTACA	0.608188
ATTACC	1.79561
ATTACG	0
ATTACT	1.27283
ATTAGA	1.15579
ATTAGC	0.810917
ATTAGG	0.613135
ATTAGT	0.957653
ATTATA	0.521544
ATTATC	0.175794
ATTATG	0.164303
ATTATT	0.38914
ATTCAA	2.876
ATTCAC	1.40963
ATTCAG	1.82163
ATTCAT	2.6346
ATTCCA	2.43275
ATTCCC	5.08263
ATTCCG	0
ATTCCT	3.81246
ATTCGA	3.0166
ATTCGC	5.02767
ATTCGG	1.83939
ATTCGT	5.02768
ATTCTA	1.25124
ATTCTC	0.561753
ATTCTG	0.490505
ATTCTT	0.750401
ATTGAA	0.73576
ATTGAC	1.2958
ATTGAG	0.785576
ATTGAT	1.32307
ATTGCA	1.77325
ATTGCC	0.810917
ATTGCG	1.47873
ATTGCT	1.75384
ATTGGA	1.54358
ATTGGC	1.20664
ATTGGG	0.468417
ATTGGT	1.894
ATTGTA	0.550478
ATTGTC	0.335179
ATTGTG	0
ATTGTT	0.771794
ATTTAA	1.65294
ATTTAC	1.84261
ATTTAG	0.888732
ATTTAT	1.42025
ATTTCA	0.259158
ATTTCC	0.635685
ATTTCG	0
ATTTCT	0.970793
ATTTGA	1.80173
ATTTGC	1.36167
ATTTGG	1.93373
ATTTGT	1.54434
ATTTTA	0.350535
ATTTTC	0.0590104
ATTTTG	0.127606
ATTTTT	0.243275
CAAAAA	0.878967
CAAAAC	0.723407
CAAAAG	0.537401
CAAAAT	0.336977
CAAACA	1.22451
CAAACC	1.60458
CAAACG	0.644575
CAAACT	0.646942
CAAAGA	1.14846
CAAAGC	0.88086
CAAAGG	1.65748
CAAAGT	0.90999
CAAATA	0.186211
CAAATC	0.342797
CAAATG	0.233484
CAAATT	0.084075
CAACAA	1.21149
CAACAC	1.6527
CAACAG	0.931051
CAACAT	1.26113
CAACCA	2.63182
CAACCC	3.54517
CAACCG	2.45252
CAACCT	2.84174
CAACGA	0
CAACGC	1.02606
CAACGG	0.474311
CAACGT	1.90443
CAACTA	1.18765
CAACTC	0.831023
CAACTG	1.23448
CAACTT	0.548875
CAAGAA	0.641287
CAAGAC	0.931053
CAAGAG	0.566498
CAAGAT	0.420375
CAAGCA	0.87438
CAAGCC	1.73369
CAAGCG	0
CAAGCT	1.87306
CAAGGA	1.4173
CAAGGC	0.716195
CAAGGG	0.793012
CAAGGT	1.68915
CAAGTA	0.274737
CAAGTC	0.377076
CAAGTG	0.544794
CAAGTT	0.619172
CAATAA	1.49472
CAATAC	2.72585
CAATAG	0.661536
CAATAT	1.78287
CAATCA	1.11726
CAATCC	1.77031
CAATCG	1.62183
CAATCT	0.710126
CAATGA	1.17836
CAATGC	1.69855
CAATGG	1.19077
CAATGT	0.279316
CAATTA	0.945054
CAATTC	0.386746
CAATTG	0.261859
CAATTT	0.392788
CACAAA	0.226472
CACAAC	0.193373
CACAAG	0.155656
CACAAT	0
CACACA	0.284372
CACACC	0.330147
CACACG	0.624556
CACACT	0.264615
CACAGA	0.335179
CACAGC	0.199829
CACAGG	0.312927
CACAGT	0.30142
CACATA	0.325066
CACATC	0.177866
CACATG	0.249513
CACATT	0.15614
CACCAA	1.18578
CACCAC	0.63975
CACCAG	0.909262
CACCAT	0.238279
CACCCA	1.05687
CACCCC	0.941515
CACCCG	0.441025
CACCCT	1.35406
CACCGA	0.282454
CACCGC	0.147009
CACCGG	1.73369
CACCGT	0.295747
CACCTA	1.95138
CACCTC	0.272258
CACCTG	0.888399
CACCTT	0.844988
CACGAA	0
CACGAC	0
CACGAG	0.542555
CACGAT	0
CACGCA	0
CACGCC	0.322288
CACGCG	0.644575
CACGCT	0.251385
CACGGA	0
CACGGC	0
CACGGG	0
CACGGT	0
CACGTA	0
CACGTC	0.206053
CACGTG	0
CACGTT	0
CACTAA	0.502767
CACTAC	0.773489
CACTAG	0.713146
CACTAT	0.196394
CACTCA	0.481117
CACTCC	0.345943
CACTCG	0.670358
CACTCT	0.323949
CACTGA	0.801517
CACTGC	0.523717
CACTGG	0.747825
CACTGT	0.538297
CACTTA	0
CACTTC	0.232226
CACTTG	0.378591
CACTTT	0.219071
CAGAAA	0.198566
CAGAAC	0.0737197
CAGAAG	0.331391
CAGAAT	0.405459
CAGACA	0.433421
CAGACC	0.223784
CAGACG	0.412105
CAGACT	0.16648
CAGAGA	0.599486
CAGAGC	0.162445
CAGAGG	0.316428
CAGAGT	0.379243
CAGATA	0.125067
CAGATC	0.100153
CAGATG	0.109298
CAGATT	0.084075
CAGCAA	0.703621
CAGCAC	0.813834
CAGCAG	0.699261
CAGCAT	1.22451
CAGCCA	1.36442
CAGCCC	1.58406
CAGCCG	0.973102
CAGCCT	1.23205
CAGCGA	0.452944
CAGCGC	0.866842
CAGCGG	0.175794
CAGCGT	1.38558
CAGCTA	0.328179
CAGCTC	0.390079
CAGCTG	0.306099
CAGCTT	1.24448
CAGGAA	0.191062
CAGGAC	0.219869
CAGGAG	0.425625
CAGGAT	0.197422
CAGGCA	0.632179
CAGGCC	0.818842
CAGGCG	0.0875905
CAGGCT	0.482813
CAGGGA	0.749159
CAGGGC	0.472823
CAGGGG	0.484279
CAGGGT	0.453399
CAGGTA	0.233846
CAGGTC	0.17043
CAGGTG	0.299663
CAGGTT	0.318207
CAGTAA	0.116382
CAGTAC	1.00554
CAGTAG	0.866838
CAGTAT	1.03309
CAGTCA	0.751648
CAGTCC	0.376606
CAGTCG	0.502769
CAGTCT	0.51303
CAGTGA	0.634562
CAGTGC	1.4573
CAGTGG	0.75455
CAGTGT	0.663283
CAGTTA	0.135884
CAGTTC	0.283516
CAGTTG	0.107429
CAGTTT	0.241136
CATAAA	0.481579
CATAAC	0.791761
CATAAG	0.182163
CATAAT	0
CATACA	0.555546
CATACC	1.39658
CATACG	0
CATACT	0.562798
CATAGA	0.330769
CATAGC	0.359122
CATAGG	1.19706
CATAGT	1.41624
CATATA	0.648733
CATATC	0
CATATG	0.147009
CATATT	0.128915
CATCAA	1.27283
CATCAC	2.38153
CATCAG	0.383208
CATCAT	1.0844
CATCCA	2.67253
CATCCC	3.06375
CATCCG	0.577896
CATCCT	3.99194
CATCGA	1.50831
CATCGC	2.28531
CATCGG	0.628462
CATCGT	1.00554
CATCTA	1.60769
CATCTC	0.21578
CATCTG	1.03383
CATCTT	1.08355
CATGAA	0.600575
CATGAC	0.71824
CATGAG	0.14831
CATGAT	0.679417
CATGCA	1.23056
CATGCC	0.644575
CATGCG	1.51436
CATGCT	1.4559
CATGGA	0.888283
CATGGC	0.808312
CATGGG	0.931053
CATGGT	0.57956
CATGTA	0.594991
CATGTC	0.698291
CATGTG	0.342486
CATGTT	0.564002
CATTAA	0.658074
CATTAC	1.24654
CATTAG	0.992309
CATTAT	1.52776
CATTCA	0.736657
CATTCC	0.85009
CATTCG	1.60458
CATTCT	0.596955
CATTGA	1.02307
CATTGC	1.23448
CATTGG	0.588033
CATTGT	0.820847
CATTTA	0.236411
CATTTC	0.158435
CATTTG	0.234209
CATTTT	0.245653
CCAAAA	1.14572
CCAAAC	0.948621
CCAAAG	0.676604
CCAAAT	0.445717
CCAACA	2.54377
CCAACC	1.6284
CCAACG	0
CCAACT	1.37745
CCAAGA	1.15138
CCAAGC	1.41625
CCAAGG	1.09562
CCAAGT	1.15886
CCAATA	0.457064
CCAATC	0.633741
CCAATG	0.992309
CCAATT	0.380886
CCACAA	3.14229
CCACAC	1.88303
CCACAG	1.6696
CCACAT	1.74338
CCACCA	5.00608
CCACCC	5.43022
CCACCG	2.07453
CCACCT	4.38985
CCACGA	3.90079
CCACGC	2.39413
CCACGG	1.40438
CCACGT	4.39923
CCACTA	3.24918
CCACTC	2.15252
CCACTG	1.18926
CCACTT	1.98642
CCAGAA	1.28915
CCAGAC	1.16584
CCAGAG	0.76177
CCAGAT	0.720814
CCAGCA	2.01418
CCAGCC	3.04541
CCAGCG	0.744842
CCAGCT	1.83442
CCAGGA	1.21995
CCAGGC	1.33454
CCAGGG	1.33676
CCAGGT	1.59364
CCAGTA	0.48655
CCAGTC	0.427888
CCAGTG	0.5628
CCAGTT	0.825714
CCATAA	2.54566
CCATAC	2.47263
CCATAG	1.46794
CCATAT	3.70894
CCATCA	1.81249
CCATCC	1.5669
CCATCG	0
CCATCT	1.72029
CCATGA	3.18078
CCATGC	2.30081
CCATGG	1.96867
CCATGT	3.30567
CCATTA	0.897804
CCATTC	0.827602
CCATTG	0.248895
CCATTT	0.506568
CCCAAA	0.525709
CCCAAC	0.271278
CCCAAG	0.422494
CCCAAT	0.593821
CCCACA	0.575062
CCCACC	0.719134
CCCACG	0.537721
CCCACT	0.80098
CCCAGA	0.360839
CCCAGC	0.747884
CCCAGG	0.311724
CCCAGT	0.674446
CCCATA	0.361704
CCCATC	0.12958
CCCATG	0.153283
CCCATT	0
CCCCAA	1.30515
CCCCAC	1.09791
CCCCAG	1.1256
CCCCAT	1.10053
CCCCCA	2.5763
CCCCCC	2.68382
CCCCCG	1.77609
CCCCCT	2.21218
CCCCGA	2.16033
CCCCGC	1.37119
CCCCGG	1.18299
CCCCGT	0.726546
CCCCTA	0.89249
CCCCTC	0.704406
CCCCTG	0.678195
CCCCTT	0.71453
CCCGAA	0
CCCGAC	0.670358
CCCGAG	0
CCCGAT	0
CCCGCA	1.4191
CCCGCC	0.325066
CCCGCG	0.534861
CCCGCT	0.190443
CCCGGA	0
CCCGGC	0.682493
CCCGGG	0.521544
CCCGGT	0.644575
CCCGTA	0
CCCGTC	0
CCCGTG	0.351587
CCCGTT	0.359121
CCCTAA	1.46154
CCCTAC	1.98061
CCCTAG	0.647898
CCCTAT	2.09486
CCCTCA	0.680949
CCCTCC	0.774573
CCCTCG	0.657212
CCCTCT	1.07429
CCCTGA	1.69145
CCCTGC	1.8044
CCCTGG	1.26459
CCCTGT	1.51562
CCCTTA	0.465527
CCCTTC	0.114266
CCCTTG	0.751648
CCCTTT	0.494294
CCGAAA	0
CCGAAC	2.6934
CCGAAG	0
CCGAAT	0.897801
CCGACA	0
CCGACC	2.2181
CCGACG	1.67589
CCGACT	0.483432
CCGAGA	0.72865
CCGAGC	0.667392
CCGAGG	0.259159
CCGAGT	0
CCGATA	0
CCGATC	0.866843
CCGATG	0
CCGATT	0
CCGCAA	0.688725
CCGCAC	0.897801
CCGCAG	0.71824
CCGCAT	1.7956
CCGCCA	0.779487
CCGCCC	2.89552
CCGCCG	0.644575
CCGCCT	1.59778
CCGCGA	3.5912
CCGCGC	0
CCGCGG	0.824212
CCGCGT	0
CCGCTA	0.931053
CCGCTC	0.540612
CCGCTG	0.457063
CCGCTT	0.628462
CCGGAA	0.239414
CCGGAC	0
CCGGAG	0.655787
CCGGAT	0.492911
CCGGCA	1.89723
CCGGCC	1.38123
CCGGCG	1.04744
CCGGCT	1.84348
CCGGGA	1.36807
CCGGGC	1.32944
CCGGGG	0.412105
CCGGGT	1.16923
CCGGTA	0
CCGGTC	0
CCGGTG	0.237154
CCGGTT	0.571328
CCGTAA	0.76177
CCGTAC	0.897801
CCGTAG	1.35884
CCGTAT	0
CCGTCA	1.09298
CCGTCC	0.876921
CCGTCG	0
CCGTCT	0.994172
CCGTGA	1.14266
CCGTGC	1.14266
CCGTGG	0.903177
CCGTGT	2.79316
CCGTTA	0.718242
CCGTTC	0.386745
CCGTTG	0
CCGTTT	0
CCTAAA	0.871131
CCTAAC	0.885154
CCTAAG	0.534859
CCTAAT	0.650132
CCTACA	1.26596
CCTACC	1.84842
CCTACG	0.483432
CCTACT	1.02606
CCTAGA	1.38123
CCTAGC	0.847363
CCTAGG	0.122626
CCTAGT	1.63502
CCTATA	0.575687
CCTATC	0.237154
CCTATG	0.924206
CCTATT	0
CCTCAA	2.20997
CCTCAC	2.45512
CCTCAG	1.97988
CCTCAT	2.29798
CCTCCA	5.74027
CCTCCC	6.95509
CCTCCG	3.57157
CCTCCT	5.51893
CCTCGA	1.69854
CCTCGC	2.70083
CCTCGG	1.53127
CCTCGT	3.23209
CCTCTA	1.47873
CCTCTC	1.26825
CCTCTG	1.21526
CCTCTT	1.80771
CCTGAA	1.27709
CCTGAC	1.64343
CCTGAG	0.739366
CCTGAT	0.782081
CCTGCA	1.64043
CCTGCC	2.29285
CCTGCG	2.01107
CCTGCT	2.13746
CCTGGA	1.47873
CCTGGC	1.81411
CCTGGG	1.01757
CCTGGT	1.85447
CCTGTA	1.11857
CCTGTC	0.608187
CCTGTG	0.513729
CCTGTT	1.15189
CCTTAA	2.89473
CCTTAC	3.90666
CCTTAG	2.34209
CCTTAT	2.64615
CCTTCA	2.5783
CCTTCC	2.68197
CCTTCG	2.95746
CCTTCT	2.92085
CCTTGA	3.15268
CCTTGC	2.39414
CCTTGG	1.91896
CCTTGT	2.98675
CCTTTA	0.60819
CCTTTC	0.486942
CCTTTG	0.920561
CCTTTT	0.969193
CGAAAA	0.728651
CGAAAC	1.16023
CGAAAG	0.750401
CGAAAT	0
CGAACA	0.558632
CGAACC	0.523718
CGAACG	0
CGAACT	0.344362
CGAAGA	1.32307
CGAAGC	0.399023
CGAAGG	0
CGAAGT	0
CGAATA	0
CGAATC	0.83795
CGAATG	1.04744
CGAATT	0
CGACAA	0
CGACAC	1.63946
CGACAG	0.248897
CGACAT	0
CGACCA	1.57115
CGACCC	2.20513
CGACCG	1.47874
CGACCT	1.32307
CGACGA	6.85594
CGACGC	0
CGACGG	0
CGACGT	1.57115
CGACTA	2.51385
CGACTC	1.3467
CGACTG	0.534861
CGACTT	1.7956
CGAGAA	1.03309
CGAGAC	0.948625
CGAGAG	0.197941
CGAGAT	0.282454
CGAGCA	0.620702
CGAGCC	1.6759
CGAGCG	0
CGAGCT	1.90925
CGAGGA	0.218596
CGAGGC	0.598534
CGAGGG	0
CGAGGT	0.744842
CGAGTA	0
CGAGTC	0
CGAGTG	0.322288
CGAGTT	1.82825
CGATAA	1.86211
CGATAC	0
CGATAG	0
CGATAT	2.64616
CGATCA	0.76177
CGATCC	0.679418
CGATCG	0
CGATCT	0.698289
CGATGA	1.89724
CGATGC	1.47873
CGATGG	2.20513
CGATGT	1.83939
CGATTA	0
CGATTC	0
CGATTG	0
CGATTT	0.474311
CGCAAA	0
CGCAAC	0
CGCAAG	0
CGCAAT	0
CGCACA	0.497793
CGCACC	0.711462
CGCACG	0.76177
CGCACT	0
CGCAGA	0.279316
CGCAGC	0.426077
CGCAGG	0.441025
CGCAGT	0.552493
CGCATA	0
CGCATC	0
CGCATG	0
CGCATT	0
CGCCAA	0.948621
CGCCAC	0
CGCCAG	0.228532
CGCCAT	0.270306
CGCCCA	0.957653
CGCCCC	2.10741
CGCCCG	0
CGCCCT	0.685594
CGCCGA	0
CGCCGC	1.22626
CGCCGG	0
CGCCGT	0
CGCCTA	0.661539
CGCCTC	0.137368
CGCCTG	0.709551
CGCCTT	0
CGCGAA	0
CGCGAC	0
CGCGAG	0
CGCGAT	0
CGCGCA	1.32308
CGCGCC	0.418974
CGCGCG	0
CGCGCT	3.77076
CGCGGA	0
CGCGGC	0
CGCGGG	0
CGCGGT	0.448901
CGCGTA	0
CGCGTC	0
CGCGTG	0
CGCGTT	0
CGCTAA	0
CGCTAC	0
CGCTAG	1.00554
CGCTAT	0
CGCTCA	0.248897
CGCTCC	0.299267
CGCTCG	0
CGCTCT	0
CGCTGA	1.16382
CGCTGC	0.542555
CGCTGG	0.335179
CGCTGT	1.04743
CGCTTA	0.83795
CGCTTC	0
CGCTTG	0.253924
CGCTTT	0
CGGAAA	0.318208
CGGAAC	0.492911
CGGAAG	0
CGGAAT	0
CGGACA	0
CGGACC	1.47873
CGGACG	1.14266
CGGACT	0.83795
CGGAGA	0.326474
CGGAGC	0.276247
CGGAGG	0.150529
CGGAGT	0
CGGATA	1.19707
CGGATC	0
CGGATG	0.314231
CGGATT	0.644575
CGGCAA	0.837948
CGGCAC	1.02606
CGGCAG	0.162183
CGGCAT	0.392789
CGGCCA	0.739364
CGGCCC	1.37954
CGGCCG	1.14266
CGGCCT	1.27104
CGGCGA	0
CGGCGC	0
CGGCGG	2.43275
CGGCGT	0
CGGCTA	0.739366
CGGCTC	0.150529
CGGCTG	0.354062
CGGCTT	0.220512
CGGGAA	0.261859
CGGGAC	0.318208
CGGGAG	0.114266
CGGGAT	0
CGGGCA	0.652947
CGGGCC	0
CGGGCG	0
CGGGCT	0.469879
CGGGGA	0.33971
CGGGGC	0.143648
CGGGGG	0.264616
CGGGGT	0.752646
CGGGTA	0
CGGGTC	0
CGGGTG	0.156139
CGGGTT	0
CGGTAA	0
CGGTAC	0
CGGTAG	1.04744
CGGTAT	1.32308
CGGTCA	0
CGGTCC	0
CGGTCG	0
CGGTCT	0.405459
CGGTGA	0.378021
CGGTGC	1.16923
CGGTGG	0.339708
CGGTGT	0.302873
CGGTTA	0.661539
CGGTTC	0.386745
CGGTTG	0
CGGTTT	0
CGTAAA	0
CGTAAC	0
CGTAAG	0
CGTAAT	0.76177
CGTACA	0
CGTACC	0
CGTACG	0
CGTACT	0.897801
CGTAGA	0.546488
CGTAGC	0
CGTAGG	0
CGTAGT	0
CGTATA	0
CGTATC	0
CGTATG	0.785577
CGTATT	1.09298
CGTCAA	4.05459
CGTCAC	1.46154
CGTCAG	0.732185
CGTCAT	0
CGTCCA	2.06053
CGTCCC	5.99894
CGTCCG	0
CGTCCT	3.77077
CGTCGA	2.09486
CGTCGC	0
CGTCGG	0
CGTCGT	0
CGTCTA	0
CGTCTC	0.418973
CGTCTG	0.392787
CGTCTT	0.326474
CGTGAA	1.12982
CGTGAC	0.256515
CGTGAG	0.574591
CGTGAT	0.314231
CGTGCA	0.914125
CGTGCC	1.00554
CGTGCG	0
CGTGCT	1.14266
CGTGGA	0.80229
CGTGGC	0.163237
CGTGGG	0.377076
CGTGGT	0.902405
CGTGTA	0
CGTGTC	0.244062
CGTGTG	0
CGTGTT	1.12982
CGTTAA	1.52354
CGTTAC	1.14266
CGTTAG	0.644575
CGTTAT	0.785577
CGTTCA	0.359121
CGTTCC	1.32307
CGTTCG	2.28532
CGTTCT	1.09298
CGTTGA	2.18595
CGTTGC	1.47873
CGTTGG	0.931053
CGTTGT	3.08717
CGTTTA	0.679418
CGTTTC	0.211247
CGTTTG	0
CGTTTT	0
CTAAAA	1.04021
CTAAAC	1.7101
CTAAAG	1.08122
CTAAAT	1.04123
CTAACA	2.24702
CTAACC	3.30769
CTAACG	2.2181
CTAACT	1.96394
CTAAGA	1.54881
CTAAGC	1.63623
CTAAGG	1.91271
CTAAGT	0.998883
CTAATA	0.392787
CTAATC	0.239414
CTAATG	0.785573
CTAATT	0.538681
CTACAA	2.72435
CTACAC	2.44401
CTACAG	1.49948
CTACAT	2.09486
CTACCA	2.82041
CTACCC	5.43193
CTACCG	1.52354
CTACCT	4.93989
CTACGA	1.02606
CTACGC	3.77076
CTACGG	2.33846
CTACGT	6.01137
CTACTA	1.01569
CTACTC	1.28915
CTACTG	1.57115
CTACTT	1.93372
CTAGAA	1.36129
CTAGAC	1.24654
CTAGAG	1.16923
CTAGAT	0.598536
CTAGCA	1.45965
CTAGCC	2.2181
CTAGCG	2.03825
CTAGCT	2.49823
CTAGGA	1.66009
CTAGGC	2.47263
CTAGGG	1.52776
CTAGGT	0.872862
CTAGTA	0.383792
CTAGTC	0.474309
CTAGTG	0.639114
CTAGTT	0.756041
CTATAA	2.6218
CTATAC	2.72585
CTATAG	1.96736
CTATAT	1.27823
CTATCA	2.03825
CTATCC	2.17245
CTATCG	2.60053
CTATCT	2.17246
CTATGA	2.52789
CTATGC	2.30275
CTATGG	1.63946
CTATGT	3.12278
CTATTA	0.889856
CTATTC	0.346736
CTATTG	0.253924
CTATTT	0.302872
CTCAAA	0.846862
CTCAAC	0
CTCAAG	0.765993
CTCAAT	0.534859
CTCACA	0.753615
CTCACC	1.46388
CTCACG	0.426075
CTCACT	0.619173
CTCAGA	0.504788
CTCAGC	0.455289
CTCAGG	0.56097
CTCAGT	0.436647
CTCATA	0.474311
CTCATC	0.157608
CTCATG	0.28405
CTCATT	0.277007
CTCCAA	1.16536
CTCCAC	1.29638
CTCCAG	1.16186
CTCCAT	0.646417
CTCCCA	1.89036
CTCCCC	2.41053
CTCCCG	0.782081
CTCCCT	1.92141
CTCCGA	1.47873
CTCCGC	0.679418
CTCCGG	1.45429
CTCCGT	1.07429
CTCCTA	1.06219
CTCCTC	0.521211
CTCCTG	0.946635
CTCCTT	0.892177
CTCGAA	0.810917
CTCGAC	0.598535
CTCGAG	0
CTCGAT	0.448901
CTCGCA	0.591493
CTCGCC	1.01365
CTCGCG	0
CTCGCT	0.981968
CTCGGA	0.392789
CTCGGC	0.49779
CTCGGG	0.299268
CTCGGT	0.502769
CTCGTA	0.69829
CTCGTC	0
CTCGTG	0
CTCGTT	0.399023
CTCTAA	1.44602
CTCTAC	2.50549
CTCTAG	0.854218
CTCTAT	0.852152
CTCTCA	0.964546
CTCTCC	0.97625
CTCTCG	0
CTCTCT	0.922197
CTCTGA	1.38182
CTCTGC	1.69519
CTCTGG	0.923281
CTCTGT	1.63328
CTCTTA	0.525908
CTCTTC	0.105846
CTCTTG	0.423683
CTCTTT	0.157773
CTGAAA	0.432592
CTGAAC	0.577895
CTGAAG	0.174572
CTGAAT	0.355313
CTGACA	0.657691
CTGACC	1.43064
CTGACG	1.02606
CTGACT	0.980329
CTGAGA	0.520105
CTGAGC	1.01912
CTGAGG	0.355732
CTGAGT	0.951184
CTGATA	0
CTGATC	0.403291
CTGATG	0.236411
CTGATT	0.479742
CTGCAA	0.76177
CTGCAC	1.0727
CTGCAG	0.752994
CTGCAT	0.785577
CTGCCA	1.78467
CTGCCC	2.78897
CTGCCG	1.52355
CTGCCT	1.81555
CTGCGA	1.73369
CTGCGC	1.5853
CTGCGG	1.66664
CTGCGT	1.21638
CTGCTA	0.579228
CTGCTC	0.672427
CTGCTG	0.955056
CTGCTT	0.687155
CTGGAA	0.732186
CTGGAC	0.753212
CTGGAG	0.371321
CTGGAT	0.55371
CTGGCA	1.33264
CTGGCC	1.57374
CTGGCG	0.222464
CTGGCT	1.43217
CTGGGA	0.949741
CTGGGC	0.523717
CTGGGG	0.521798
CTGGGT	1.08959
CTGGTA	0.277774
CTGGTC	0.29146
CTGGTG	0.104526
CTGGTT	0.326472
CTGTAA	1.38428
CTGTAC	1.72909
CTGTAG	0.934199
CTGTAT	2.16122
CTGTCA	1.15845
CTGTCC	1.57905
CTGTCG	0.444929
CTGTCT	1.08212
CTGTGA	1.21559
CTGTGC	2.04076
CTGTGG	1.37662
CTGTGT	2.22172
CTGTTA	0.481119
CTGTTC	0.22512
CTGTTG	0.295746
CTGTTT	0.342021
CTTAAA	1.47873
CTTAAC	2.00379
CTTAAG	1.37368
CTTAAT	0.936836
CTTACA	0.799858
CTTACC	1.51936
CTTACG	1.02606
CTTACT	1.14266
CTTAGA	1.35884
CTTAGC	2.362
CTTAGG	1.21149
CTTAGT	1.34327
CTTATA	0.538682
CTTATC	0.897804
CTTATG	0.173368
CTTATT	0.230628
CTTCAA	2.13944
CTTCAC	2.98253
CTTCAG	2.42234
CTTCAT	2.25701
CTTCCA	5.129
CTTCCC	6.0032
CTTCCG	2.77117
CTTCCT	4.06354
CTTCGA	4.39922
CTTCGC	5.42203
CTTCGG	3.62823
CTTCGT	3.05738
CTTCTA	1.19191
CTTCTC	1.12051
CTTCTG	1.16167
CTTCTT	1.25934
CTTGAA	0.962237
CTTGAC	1.30929
CTTGAG	0.804429
CTTGAT	0.510424
CTTGCA	1.52626
CTTGCC	3.50569
CTTGCG	0.483432
CTTGCT	1.75699
CTTGGA	2.70889
CTTGGC	1.6314
CTTGGG	1.16382
CTTGGT	1.75181
CTTGTA	0.276247
CTTGTC	0.952216
CTTGTG	0.90589
CTTGTT	1.00921
CTTTAA	2.81154
CTTTAC	2.71767
CTTTAG	1.81287
CTTTAT	1.83492
CTTTCA	2.08494
CTTTCC	2.57985
CTTTCG	0.474311
CTTTCT	1.79016
CTTTGA	2.98606
CTTTGC	4.09866
CTTTGG	2.46686
CTTTGT	3.79182
CTTTTA	0.519082
CTTTTC	0.423002
CTTTTG	0.979419
CTTTTT	0.337177
GAAAAA	0.302872
GAAAAC	0.40546
GAAAAG	0.320235
GAAAAT	0.372815
GAAACA	0.686162
GAAACC	1.084
GAAACG	0.534861
GAAACT	0.404372
GAAAGA	0.4671
GAAAGC	0.56764
GAAAGG	0.501654
GAAAGT	0.457063
GAAATA	0.248896
GAAATC	0.357842
GAAATG	0.20151
GAAATT	0.238656
GAACAA	2.23689
GAACAC	1.2917
GAACAG	1.22031
GAACAT	1.21816
GAACCA	2.92875
GAACCC	3.2956
GAACCG	0.852152
GAACCT	1.91966
GAACGA	1.16923
GAACGC	1.57115
GAACGG	0
GAACGT	1.04744
GAACTA	1.05624
GAACTC	0.593823
GAACTG	0.26743
GAACTT	1.0607
GAAGAA	0.744055
GAAGAC	0.869844
GAAGAG	0.279938
GAAGAT	0.866843
GAAGCA	1.04744
GAAGCC	1.07817
GAAGCG	0.264615
GAAGCT	1.43115
GAAGGA	1.10297
GAAGGC	1.33416
GAAGGG	0.572512
GAAGGT	0.992305
GAAGTA	0.380886
GAAGTC	0.886292
GAAGTG	0.172575
GAAGTT	0.442579
GAATAA	0.49291
GAATAC	0.422495
GAATAG	0.408757
GAATAT	1.61143
GAATCA	0.437189
GAATCC	1.39658
GAATCG	0
GAATCT	0.412105
GAATGA	0.646942
GAATGC	1.00554
GAATGG	0.593823
GAATGT	0.841956
GAATTA	0.290619
GAATTC	0.133715
GAATTG	0.271767
GAATTT	0.171594
GACAAA	0.100153
GACAAC	0.496153
GACAAG	0
GACAAT	0.206053
GACACA	0.283249
GACACC	0.392788
GACACG	0
GACACT	0.63109
GACAGA	0.240329
GACAGC	0.0872862
GACAGG	0.199116
GACAGT	0.209487
GACATA	0
GACATC	0.131615
GACATG	0.109775
GACATT	0.551283
GACCAA	0.592889
GACCAC	0.33186
GACCAG	0.130929
GACCAT	0.308447
GACCCA	0.766936
GACCCC	1.01912
GACCCG	0.330769
GACCCT	1.38218
GACCGA	0.661539
GACCGC	0.513029
GACCGG	0
GACCGT	1.43648
GACCTA	0
GACCTC	0.252225
GACCTG	0.0875905
GACCTT	0.237156
GACGAA	0
GACGAC	0
GACGAG	0
GACGAT	0
GACGCA	0
GACGCC	1.64842
GACGCG	0
GACGCT	0.979419
GACGGA	0
GACGGC	0
GACGGG	0
GACGGT	0.364326
GACGTA	0.628462
GACGTC	0.513029
GACGTG	0.412105
GACGTT	0
GACTAA	0.241717
GACTAC	0
GACTAG	0
GACTAT	0.228532
GACTCA	0.508875
GACTCC	0.100153
GACTCG	0.483432
GACTCT	0.285664
GACTGA	0.820847
GACTGC	0.227497
GACTGG	0.265547
GACTGT	0.979421
GACTTA	0
GACTTC	0.258272
GACTTG	0.373343
GACTTT	0.0959484
GAGAAA	0.0862383
GAGAAC	0.0970598
GAGAAG	0.100153
GAGAAT	0.0636417
GAGACA	0.455223
GAGACC	0.714837
GAGACG	0
GAGACT	0.457063
GAGAGA	0.517088
GAGAGC	0.220513
GAGAGG	0.0780697
GAGAGT	0.410423
GAGATA	0.141227
GAGATC	0.198723
GAGATG	0
GAGATT	0.100554
GAGCAA	0.98582
GAGCAC	0.4489
GAGCAG	0.282985
GAGCAT	1.25692
GAGCCA	1.15526
GAGCCC	1.65685
GAGCCG	0.520103
GAGCCT	1.59379
GAGCGA	0.939756
GAGCGC	0.426076
GAGCGG	0
GAGCGT	1.90443
GAGCTA	0
GAGCTC	0.216711
GAGCTG	0.698289
GAGCTT	0.266485
GAGGAA	0.372728
GAGGAC	0.240943
GAGGAG	0.225457
GAGGAT	0.586318
GAGGCA	0.606233
GAGGCC	0.836553
GAGGCG	0.121442
GAGGCT	1.1101
GAGGGA	0.601137
GAGGGC	0.414044
GAGGGG	0.090589
GAGGGT	0.897801
GAGGTA	0.135153
GAGGTC	0.165385
GAGGTG	0.0455407
GAGGTT	0.537401
GAGTAA	0.506143
GAGTAC	0.469879
GAGTAG	0.211247
GAGTAT	0.704817
GAGTCA	0.209487
GAGTCC	0.360839
GAGTCG	0
GAGTCT	0.464096
GAGTGA	0.53344
GAGTGC	0.442319
GAGTGG	0.620701
GAGTGT	0.733967
GAGTTA	0.194872
GAGTTC	0.168715
GAGTTG	0.463382
GAGTTT	0.0704158
GATAAA	0.251384
GATAAC	0.474309
GATAAG	0
GATAAT	0.1876
GATACA	0.310352
GATACC	0.866842
GATACG	0
GATACT	0.402214
GATAGA	0.422495
GATAGC	0.644575
GATAGG	0.785575
GATAGT	0.564909
GATATA	0
GATATC	0
GATATG	0.204378
GATATT	0.288948
GATCAA	0.608188
GATCAC	0.937367
GATCAG	0.245253
GATCAT	0.752646
GATCCA	1.18299
GATCCC	2.77602
GATCCG	0.483432
GATCCT	2.93494
GATCGA	2.13944
GATCGC	0.852152
GATCGG	0.83795
GATCGT	0
GATCTA	0
GATCTC	0.779484
GATCTG	0.39588
GATCTT	0.96686
GATGAA	0.374085
GATGAC	0.543533
GATGAG	0.227841
GATGAT	0.253924
GATGCA	0.755229
GATGCC	1.36218
GATGCG	0
GATGCT	1.07597
GATGGA	0.79552
GATGGC	0.299267
GATGGG	0.634228
GATGGT	0.801224
GATGTA	0.366986
GATGTC	0.418973
GATGTG	0.332226
GATGTT	0.676373
GATTAA	0.860907
GATTAC	0.70107
GATTAG	1.15579
GATTAT	1.04021
GATTCA	0.675764
GATTCC	0.670356
GATTCG	0
GATTCT	0.316206
GATTGA	0.448903
GATTGC	0.878968
GATTGG	0.383792
GATTGT	0.973102
GATTTA	0.149634
GATTTC	0.0938002
GATTTG	0.221484
GATTTT	0.144474
GCAAAA	1.05371
GCAAAC	0.781508
GCAAAG	0.813303
GCAAAT	0.418974
GCAACA	2.14938
GCAACC	2.59733
GCAACG	0.584616
GCAACT	2.41975
GCAAGA	1.40116
GCAAGC	0.885934
GCAAGG	0.991123
GCAAGT	1.62183
GCAATA	1.04743
GCAATC	0.342019
GCAATG	0.232763
GCAATT	0.130929
GCACAA	2.56515
GCACAC	2.09487
GCACAG	1.38236
GCACAT	2.28532
GCACCA	4.78487
GCACCC	5.38682
GCACCG	3.01661
GCACCT	5.42462
GCACGA	2.79316
GCACGC	3.37223
GCACGG	1.17836
GCACGT	4.4225
GCACTA	1.55496
GCACTC	1.54224
GCACTG	1.37476
GCACTT	1.66664
GCAGAA	1.12915
GCAGAC	1.10499
GCAGAG	0.879479
GCAGAT	0.915639
GCAGCA	2.12073
GCAGCC	3.61106
GCAGCG	0.693471
GCAGCT	2.88308
GCAGGA	1.95105
GCAGGC	1.38801
GCAGGG	1.08355
GCAGGT	2.02334
GCAGTA	0.674857
GCAGTC	0.828742
GCAGTG	0.364326
GCAGTT	1.13796
GCATAA	2.28531
GCATAC	3.05738
GCATAG	1.28915
GCATAT	2.31773
GCATCA	2.25457
GCATCC	2.29524
GCATCG	2.39413
GCATCT	1.82667
GCATGA	2.25853
GCATGC	1.77972
GCATGG	2.5822
GCATGT	2.97091
GCATTA	1.53516
GCATTC	0.433421
GCATTG	0.609417
GCATTT	0.533237
GCCAAA	0.938779
GCCAAC	0.902405
GCCAAG	0.376324
GCCAAT	0.375199
GCCACA	0.706136
GCCACC	1.22201
GCCACG	0.800589
GCCACT	0.959942
GCCAGA	0.566498
GCCAGC	0.558632
GCCAGG	0.293445
GCCAGT	0.711467
GCCATA	0.213038
GCCATC	0
GCCATG	0.45051
GCCATT	0.305324
GCCCAA	1.28661
GCCCAC	1.04502
GCCCAG	0.666879
GCCCAT	1.21442
GCCCCA	2.68354
GCCCCC	3.20158
GCCCCG	0.837949
GCCCCT	2.41616
GCCCGA	2.58777
GCCCGC	2.13038
GCCCGG	1.03663
GCCCGT	1.59104
GCCCTA	1.1256
GCCCTC	0.515659
GCCCTG	0.620192
GCCCTT	0.626223
GCCGAA	0.628462
GCCGAC	0
GCCGAG	0.250134
GCCGAT	0
GCCGCA	1.65748
GCCGCC	1.94872
GCCGCG	1.32308
GCCGCT	1.25692
GCCGGA	0.908617
GCCGGC	0.483433
GCCGGG	0.309079
GCCGGT	1.06219
GCCGTA	0
GCCGTC	0
GCCGTG	0
GCCGTT	0.523718
GCCTAA	2.15473
GCCTAC	0.628458
GCCTAG	1.64597
GCCTAT	0.444929
GCCTCA	0.851462
GCCTCC	0.557328
GCCTCG	0.925343
GCCTCT	1.3467
GCCTGA	1.53772
GCCTGC	1.00554
GCCTGG	0.901827
GCCTGT	1.29488
GCCTTA	0.375199
GCCTTC	0.237155
GCCTTG	0.294878
GCCTTT	0.15008
GCGAAA	0.399023
GCGAAC	0
GCGAAG	0
GCGAAT	0
GCGACA	1.46154
GCGACC	0.598535
GCGACG	0
GCGACT	1.47873
GCGAGA	0.58918
GCGAGC	0.914125
GCGAGG	0.546488
GCGAGT	0.661539
GCGATA	1.09298
GCGATC	0
GCGATG	0.441025
GCGATT	0.773491
GCGCAA	0
GCGCAC	1.96394
GCGCAG	0.698289
GCGCAT	1.04744
GCGCCA	0.746689
GCGCCC	2.0273
GCGCCG	0.628462
GCGCCT	2.46897
GCGCGA	1.7956
GCGCGC	1.93373
GCGCGG	0.571328
GCGCGT	2.09487
GCGCTA	0.966863
GCGCTC	0.979419
GCGCTG	0.931051
GCGCTT	0
GCGGAA	1.09298
GCGGAC	0
GCGGAG	0
GCGGAT	1.47873
GCGGCA	0.948616
GCGGCC	1.09298
GCGGCG	0
GCGGCT	2.01107
GCGGGA	1.14266
GCGGGC	0.810917
GCGGGG	1.44776
GCGGGT	0.966865
GCGGTA	0.810917
GCGGTC	0
GCGGTG	0
GCGGTT	0
GCGTAA	1.86211
GCGTAC	5.58631
GCGTAG	0.613132
GCGTAT	1.32308
GCGTCA	0.761771
GCGTCC	0.364326
GCGTCG	0
GCGTCT	0.769544
GCGTGA	1.30589
GCGTGC	1.19707
GCGTGG	0.888732
GCGTGT	1.31158
GCGTTA	0
GCGTTC	0
GCGTTG	0
GCGTTT	0.785577
GCTAAA	1.47873
GCTAAC	0.914125
GCTAAG	0.301059
GCTAAT	0.433421
GCTACA	1.56228
GCTACC	1.08623
GCTACG	0.69829
GCTACT	1.44474
GCTAGA	0.94101
GCTAGC	0.919698
GCTAGG	1.30929
GCTAGT	1.23632
GCTATA	0
GCTATC	0.380886
GCTATG	0.167589
GCTATT	0.351587
GCTCAA	4.4754
GCTCAC	2.23149
GCTCAG	2.17246
GCTCAT	2.98406
GCTCCA	5.84982
GCTCCC	6.22177
GCTCCG	2.58434
GCTCCT	6.04055
GCTCGA	8.13303
GCTCGC	1.37119
GCTCGG	2.09487
GCTCGT	3.27893
GCTCTA	1.89011
GCTCTC	1.00245
GCTCTG	1.77703
GCTCTT	1.1256
GCTGAA	0.835418
GCTGAC	1.57663
GCTGAG	0.885379
GCTGAT	0.690072
GCTGCA	1.7043
GCTGCC	3.10352
GCTGCG	0.506143
GCTGCT	2.38992
GCTGGA	1.42944
GCTGGC	1.64343
GCTGGG	1.17986
GCTGGT	1.67963
GCTGTA	0.260502
GCTGTC	0.426076
GCTGTG	0.684556
GCTGTT	1.20088
GCTTAA	1.9203
GCTTAC	2.95746
GCTTAG	1.72706
GCTTAT	2.60695
GCTTCA	2.05812
GCTTCC	2.1228
GCTTCG	0.375201
GCTTCT	2.38815
GCTTGA	1.81505
GCTTGC	2.36907
GCTTGG	2.8127
GCTTGT	2.1228
GCTTTA	0.939751
GCTTTC	0.248896
GCTTTG	0.818115
GCTTTT	0.355063
GGAAAA	0.393666
GGAAAC	0.971256
GGAAAG	0.496153
GGAAAT	0.358268
GGAACA	0.713146
GGAACC	1.02606
GGAACG	0.441025
GGAACT	0.748802
GGAAGA	0.730161
GGAAGC	1.29047
GGAAGG	0.391676
GGAAGT	0.424476
GGAATA	0.554523
GGAATC	0.531092
GGAATG	0.246456
GGAATT	0
GGACAA	1.8257
GGACAC	1.28157
GGACAG	0.500266
GGACAT	1.65582
GGACCA	2.641
GGACCC	4.0765
GGACCG	1.11726
GGACCT	2.97693
GGACGA	1.93372
GGACGC	2.28532
GGACGG	2.02263
GGACGT	2.79316
GGACTA	1.20423
GGACTC	0.761774
GGACTG	0.442579
GGACTT	0.96686
GGAGAA	0.711466
GGAGAC	0.549902
GGAGAG	0.472689
GGAGAT	0.544794
GGAGCA	1.14265
GGAGCC	1.42171
GGAGCG	0.314231
GGAGCT	1.7011
GGAGGA	1.05808
GGAGGC	0.74906
GGAGGG	0.786693
GGAGGT	0.733205
GGAGTA	0.516543
GGAGTC	0.100958
GGAGTG	0.406394
GGAGTT	0.253284
GGATAA	1.26749
GGATAC	1.60458
GGATAG	1.42832
GGATAT	1.27823
GGATCA	0.887238
GGATCC	1.29747
GGATCG	0
GGATCT	0.588033
GGATGA	1.66205
GGATGC	1.73721
GGATGG	1.28395
GGATGT	1.38377
GGATTA	0.265547
GGATTC	0.17101
GGATTG	0.713146
GGATTT	0.426074
GGCAAA	0.656599
GGCAAC	0.335178
GGCAAG	0.26743
GGCAAT	0.349145
GGCACA	0.483431
GGCACC	1.11417
GGCACG	0
GGCACT	1.20941
GGCAGA	0.384119
GGCAGC	0.650995
GGCAGG	0.337428
GGCAGT	0.875905
GGCATA	0.194872
GGCATC	0
GGCATG	0.204933
GGCATT	0.248895
GGCCAA	1.21883
GGCCAC	0.478827
GGCCAG	0.426734
GGCCAT	1.31678
GGCCCA	1.52514
GGCCCC	2.55644
GGCCCG	1.60885
GGCCCT	2.00661
GGCCGA	1.03878
GGCCGC	1.09298
GGCCGG	0.244063
GGCCGT	0.98582
GGCCTA	0.46267
GGCCTC	0.522879
GGCCTG	0.946995
GGCCTT	0.698289
GGCGAA	0
GGCGAC	0.318208
GGCGAG	0.226472
GGCGAT	0.474311
GGCGCA	0.207756
GGCGCC	0.837944
GGCGCG	0
GGCGCT	0.497793
GGCGGA	0.178287
GGCGGC	0.791761
GGCGGG	0.211247
GGCGGT	0.992306
GGCGTA	0
GGCGTC	0.564909
GGCGTG	0.208618
GGCGTT	0
GGCTAA	0.199511
GGCTAC	0.723406
GGCTAG	0.301059
GGCTAT	0.793845
GGCTCA	0.204046
GGCTCC	0.355733
GGCTCG	0
GGCTCT	0.488124
GGCTGA	0.571329
GGCTGC	0.853597
GGCTGG	0.656499
GGCTGT	0.774285
GGCTTA	0
GGCTTC	0
GGCTTG	0.28675
GGCTTT	0.43218
GGGAAA	0.235489
GGGAAC	0.106972
GGGAAG	0.25608
GGGAAT	0.251384
GGGACA	0.359121
GGGACC	1.04433
GGGACG	0
GGGACT	0.497086
GGGAGA	0.448101
GGGAGC	0.297849
GGGAGG	0.323175
GGGAGT	0.272257
GGGATA	0
GGGATC	0.316208
GGGATG	0.225794
GGGATT	0.0732899
GGGCAA	0.442579
GGGCAC	0.639112
GGGCAG	0.591902
GGGCAT	0.391259
GGGCCA	1.21442
GGGCCC	2.4685
GGGCCG	0.441025
GGGCCT	1.84183
GGGCGA	1.09298
GGGCGC	1.19707
GGGCGG	0.421315
GGGCGT	0.51303
GGGCTA	0.538682
GGGCTC	0.590861
GGGCTG	0.292307
GGGCTT	0.766417
GGGGAA	0.2144
GGGGAC	0.349145
GGGGAG	0.253557
GGGGAT	0.296911
GGGGCA	1.01455
GGGGCC	1.17554
GGGGCG	0.310352
GGGGCT	1.06972
GGGGGA	0.858385
GGGGGC	0.314887
GGGGGG	0.189724
GGGGGT	1.07626
GGGGTA	0.326474
GGGGTC	0.180852
GGGGTG	0.0932781
GGGGTT	0.191896
GGGTAA	0.632414
GGGTAC	0.673353
GGGTAG	0.644577
GGGTAT	0.214858
GGGTCA	0.57657
GGGTCC	0.253071
GGGTCG	0
GGGTCT	0.783352
GGGTGA	0.74954
GGGTGC	0.897801
GGGTGG	0.496656
GGGTGT	0.98582
GGGTTA	0.359122
GGGTTC	0.131615
GGGTTG	0.277262
GGGTTT	0.164303
GGTAAA	0.665037
GGTAAC	0.558632
GGTAAG	0.730768
GGTAAT	0.199512
GGTACA	1.90443
GGTACC	1.34671
GGTACG	0
GGTACT	1.35883
GGTAGA	0.354062
GGTAGC	1.11232
GGTAGG	0.537147
GGTAGT	0.939756
GGTATA	0
GGTATC	0.887239
GGTATG	0.196394
GGTATT	0
GGTCAA	1.73368
GGTCAC	1.90623
GGTCAG	0.933522
GGTCAT	0.942694
GGTCCA	3.8794
GGTCCC	5.39947
GGTCCG	3.14231
GGTCCT	4.12579
GGTCGA	0
GGTCGC	1.6759
GGTCGG	0.652947
GGTCGT	1.22626
GGTCTA	0.558632
GGTCTC	0.912054
GGTCTG	1.01716
GGTCTT	1.62459
GGTGAA	0.644575
GGTGAC	0.696142
GGTGAG	0.592654
GGTGAT	0.736957
GGTGCA	0.941786
GGTGCC	2.3808
GGTGCG	0
GGTGCT	2.25426
GGTGGA	1.05259
GGTGGC	1.16085
GGTGGG	0.646153
GGTGGT	0.956048
GGTGTA	0.670356
GGTGTC	0.515132
GGTGTG	0.475306
GGTGTT	1.21778
GGTTAA	0.516543
GGTTAC	1.54358
GGTTAG	1.04123
GGTTAT	0.396923
GGTTCA	0.543112
GGTTCC	0.389742
GGTTCG	0
GGTTCT	0.748169
GGTTGA	1.23448
GGTTGC	0.661535
GGTTGG	1.05476
GGTTGT	1.52355
GGTTTA	0.294017
GGTTTC	0.15454
GGTTTG	0.354062
GGTTTT	0.37427
GTAAAA	1.04409
GTAAAC	1.80852
GTAAAG	1.51936
GTAAAT	0.644577
GTAACA	1.42293
GTAACC	3.84772
GTAACG	1.6759
GTAACT	1.5083
GTAAGA	1.07544
GTAAGC	2.19656
GTAAGG	1.7101
GTAAGT	2.42715
GTAATA	0.603321
GTAATC	0.494852
GTAATG	0.214858
GTAATT	0.492909
GTACAA	2.71278
GTACAC	1.55725
GTACAG	2.55212
GTACAT	2.94413
GTACCA	4.25419
GTACCC	6.64032
GTACCG	0.83795
GTACCT	6.71803
GTACGA	1.67589
GTACGC	1.25692
GTACGG	2.60053
GTACGT	0.966863
GTACTA	1.53283
GTACTC	1.55496
GTACTG	1.504
GTACTT	2.17866
GTAGAA	1.39064
GTAGAC	1.248
GTAGAG	0.611001
GTAGAT	1.43648
GTAGCA	2.04615
GTAGCC	3.1728
GTAGCG	0
GTAGCT	2.66264
GTAGGA	1.33086
GTAGGC	1.62183
GTAGGG	0.882053
GTAGGT	1.56228
GTAGTA	1.09297
GTAGTC	0.718242
GTAGTG	0.77588
GTAGTT	0.785573
GTATAA	1.97164
GTATAC	1.09297
GTATAG	1.69473
GTATAT	1.94734
GTATCA	1.26749
GTATCC	1.65385
GTATCG	0
GTATCT	1.65748
GTATGA	2.76949
GTATGC	1.23228
GTATGG	1.89723
GTATGT	1.93373
GTATTA	0.383792
GTATTC	0
GTATTG	0.584615
GTATTT	0.349145
GTCAAA	0.469876
GTCAAC	0.897804
GTCAAG	1.43648
GTCAAT	0
GTCACA	1.075
GTCACC	0.866843
GTCACG	1.06219
GTCACT	2.28532
GTCAGA	0.197941
GTCAGC	0.810917
GTCAGG	0.449905
GTCAGT	0.884264
GTCATA	0.206053
GTCATC	0.377076
GTCATG	0.145309
GTCATT	0.382818
GTCCAA	1.52354
GTCCAC	1.47874
GTCCAG	1.17836
GTCCAT	1.3331
GTCCCA	2.38782
GTCCCC	3.37926
GTCCCG	1.39658
GTCCCT	2.40176
GTCCGA	0
GTCCGC	1.75384
GTCCGG	1.59609
GTCCGT	0.661539
GTCCTA	1.34671
GTCCTC	0.648733
GTCCTG	0.958355
GTCCTT	1.37311
GTCGAA	0
GTCGAC	2.28532
GTCGAG	0
GTCGAT	1.32308
GTCGCA	0
GTCGCC	2.1201
GTCGCG	0
GTCGCT	2.74238
GTCGGA	0.679418
GTCGGC	0.88205
GTCGGG	0.628462
GTCGGT	0
GTCGTA	0
GTCGTC	0
GTCGTG	0
GTCGTT	0.661539
GTCTAA	1.79561
GTCTAC	2.98675
GTCTAG	1.4191
GTCTAT	1.25692
GTCTCA	0.657544
GTCTCC	0.447757
GTCTCG	0.324367
GTCTCT	0.36788
GTCTGA	2.22746
GTCTGC	0.843573
GTCTGG	1.28334
GTCTGT	1.64393
GTCTTA	0
GTCTTC	0.270306
GTCTTG	0.346737
GTCTTT	0.155656
GTGAAA	0.385051
GTGAAC	0.688725
GTGAAG	0.191896
GTGAAT	0.41437
GTGACA	0.985823
GTGACC	1.28366
GTGACG	0.339709
GTGACT	0.863863
GTGAGA	1.21918
GTGAGC	0.904603
GTGAGG	0.503777
GTGAGT	0.906632
GTGATA	0.380886
GTGATC	0.483432
GTGATG	0.237903
GTGATT	0.441026
GTGCAA	1.66894
GTGCAC	1.0844
GTGCAG	0.812458
GTGCAT	1.45244
GTGCCA	2.08887
GTGCCC	2.98379
GTGCCG	0.979419
GTGCCT	2.65949
GTGCGA	1.99512
GTGCGC	2.2181
GTGCGG	0.785575
GTGCGT	2.38154
GTGCTA	0.914128
GTGCTC	0.439484
GTGCTG	0.9055
GTGCTT	0.852152
GTGGAA	0.457063
GTGGAC	1.16923
GTGGAG	0.363571
GTGGAT	1.13236
GTGGCA	1.72181
GTGGCC	1.54515
GTGGCG	0.28405
GTGGCT	1.98155
GTGGGA	0.78035
GTGGGC	1.15579
GTGGGG	0.824799
GTGGGT	1.07736
GTGGTA	0.384772
GTGGTC	0.318207
GTGGTG	0.17956
GTGGTT	0.773491
GTGTAA	0.693471
GTGTAC	2.16244
GTGTAG	0.54061
GTGTAT	1.04743
GTGTCA	1.00554
GTGTCC	0.981972
GTGTCG	0.433422
GTGTCT	1.99965
GTGTGA	1.21816
GTGTGC	1.7043
GTGTGG	1.24971
GTGTGT	1.43124
GTGTTA	0.255212
GTGTTC	0.507847
GTGTTG	0.28675
GTGTTT	0.127931
GTTAAA	1.81411
GTTAAC	0.966865
GTTAAG	0.364326
GTTAAT	1.11727
GTTACA	1.66734
GTTACC	2.11086
GTTACG	1.04744
GTTACT	2.53072
GTTAGA	1.23379
GTTAGC	0.831023
GTTAGG	1.52869
GTTAGT	0.593821
GTTATA	0
GTTATC	0.831023
GTTATG	0.593821
GTTATT	0.548875
GTTCAA	2.09487
GTTCAC	2.05678
GTTCAG	2.35034
GTTCAT	2.10461
GTTCCA	4.6598
GTTCCC	5.22104
GTTCCG	1.32308
GTTCCT	5.85524
GTTCGA	1.3467
GTTCGC	3.5912
GTTCGG	1.39658
GTTCGT	3.35179
GTTCTA	1.58214
GTTCTC	0.704815
GTTCTG	1.38846
GTTCTT	1.69201
GTTGAA	1.39106
GTTGAC	1.32308
GTTGAG	0.914125
GTTGAT	0.739364
GTTGCA	1.73684
GTTGCC	2.18595
GTTGCG	0.718242
GTTGCT	3.28339
GTTGGA	1.63623
GTTGGC	2.5697
GTTGGG	1.09297
GTTGGT	1.13236
GTTGTA	0.461254
GTTGTC	0.767582
GTTGTG	0.652949
GTTGTT	1.16382
GTTTAA	1.74759
GTTTAC	1.57115
GTTTAG	1.10905
GTTTAT	1.18578
GTTTCA	1.05671
GTTTCC	2.25379
GTTTCG	0.750401
GTTTCT	2.03825
GTTTGA	2.0873
GTTTGC	2.86968
GTTTGG	2.1688
GTTTGT	3.1423
GTTTTA	0.251385
GTTTTC	0.29146
GTTTTG	0.443246
GTTTTT	0.592028
TAAAAA	0.438279
TAAAAC	0.931051
TAAAAG	0.712138
TAAAAT	0.100958
TAAACA	0.715319
TAAACC	1.15579
TAAACG	1.04744
TAAACT	0.778623
TAAAGA	0.826923
TAAAGC	0.866844
TAAAGG	1.2213
TAAAGT	0.510424
TAAATA	0.407651
TAAATC	0.620703
TAAATG	0.261858
TAAATT	0.16759
TAACAA	2.2445
TAACAC	1.07544
TAACAG	2.06617
TAACAT	0.936003
TAACCA	3.21404
TAACCC	5.44664
TAACCG	1.62183
TAACCT	4.57063
TAACGA	1.7956
TAACGC	7.03873
TAACGG	3.24366
TAACGT	2.85664
TAACTA	0.922506
TAACTC	0.974361
TAACTG	0.683112
TAACTT	1.63399
TAAGAA	1.23002
TAAGAC	0.897804
TAAGAG	0.587346
TAAGAT	0.876923
TAAGCA	1.65229
TAAGCC	2.46758
TAAGCG	2.03825
TAAGCT	2.51384
TAAGGA	0.858382
TAAGGC	1.23921
TAAGGG	1.06005
TAAGGT	1.21357
TAAGTA	0.520103
TAAGTC	0.974361
TAAGTG	0.273245
TAAGTT	0.710126
TAATAA	1.32745
TAATAC	1.9504
TAATAG	1.42629
TAATAT	0.972205
TAATCA	0.54061
TAATCC	0.619608
TAATCG	0
TAATCT	0.86684
TAATGA	1.05722
TAATGC	1.10256
TAATGG	1.13407
TAATGT	4.00981
TAATTA	0.532029
TAATTC	0.451587
TAATTG	0.531092
TAATTT	0.331497
TACAAA	0.438824
TACAAC	0.593821
TACAAG	0.173368
TACAAT	0
TACACA	0.506824
TACACC	0.448901
TACACG	0.628462
TACACT	1.13528
TACAGA	0.458453
TACAGC	0.113749
TACAGG	0.330045
TACAGT	0.457063
TACATA	0.140438
TACATC	0.603321
TACATG	0.459848
TACATT	0.111232
TACCAA	1.03511
TACCAC	0.349144
TACCAG	0.290619
TACCAT	0.714162
TACCCA	1.08825
TACCCC	2.0636
TACCCG	0
TACCCT	1.68611
TACCGA	2.18595
TACCGC	0
TACCGG	1.00554
TACCGT	0
TACCTA	0.497793
TACCTC	0.574591
TACCTG	0.344361
TACCTT	0.394844
TACGAA	0
TACGAC	1.79561
TACGAG	0
TACGAT	0
TACGCA	0
TACGCC	1.19707
TACGCG	0
TACGCT	0
TACGGA	0
TACGGC	0
TACGGG	0.613132
TACGGT	0
TACGTA	0
TACGTC	1.25692
TACGTG	0.457063
TACGTT	0
TACTAA	0.43156
TACTAC	0.264615
TACTAG	0.279316
TACTAT	0.817512
TACTCA	0.476557
TACTCC	0.354062
TACTCG	0
TACTCT	0.619172
TACTGA	0.714162
TACTGC	0.359122
TACTGG	0.849275
TACTGT	1.07544
TACTTA	0.318208
TACTTC	0.378971
TACTTG	0.268861
TACTTT	0.184841
TAGAAA	0.241716
TAGAAC	0.826923
TAGAAG	0.0993616
TAGAAT	0.217649
TAGACA	0.40765
TAGACC	1.03664
TAGACG	0
TAGACT	0.598534
TAGAGA	0.332519
TAGAGC	0.506143
TAGAGG	0.247669
TAGAGT	0
TAGATA	0.184841
TAGATC	0.507847
TAGATG	0.287296
TAGATT	0.154224
TAGCAA	1.09297
TAGCAC	0.973102
TAGCAG	1.5271
TAGCAT	0.897804
TAGCCA	1.47873
TAGCCC	2.31773
TAGCCG	0.412106
TAGCCT	1.88902
TAGCGA	2.01107
TAGCGC	0
TAGCGG	1.98461
TAGCGT	0
TAGCTA	0.429716
TAGCTC	0.322287
TAGCTG	0.62846
TAGCTT	0.679418
TAGGAA	0.439099
TAGGAC	0
TAGGAG	0.103878
TAGGAT	0.349145
TAGGCA	0.537721
TAGGCC	0.730768
TAGGCG	0
TAGGCT	0.496153
TAGGGA	0.861889
TAGGGC	0.744842
TAGGGG	0.537721
TAGGGT	1.05476
TAGGTA	0.191896
TAGGTC	0
TAGGTG	0.345942
TAGGTT	0.62846
TAGTAA	1.20527
TAGTAC	1.01913
TAGTAG	0.79265
TAGTAT	0.190443
TAGTCA	0.550478
TAGTCC	0.674857
TAGTCG	0
TAGTCT	0.613135
TAGTGA	1.9462
TAGTGC	1.15314
TAGTGG	0
TAGTGT	0.981968
TAGTTA	0.58918
TAGTTC	0.372422
TAGTTG	0.228532
TAGTTT	0.658651
TATAAA	0.343186
TATAAC	0.502769
TATAAG	0.426077
TATAAT	0.72168
TATACA	1.30929
TATACC	1.99964
TATACG	0
TATACT	0.542555
TATAGA	0.516543
TATAGC	1.49338
TATAGG	0.580117
TATAGT	0.718241
TATATA	0.258272
TATATC	0.310351
TATATG	0.409866
TATATT	0
TATCAA	2.51384
TATCAC	1.222
TATCAG	2.35107
TATCAT	2.5689
TATCCA	5.10623
TATCCC	6.05184
TATCCG	0
TATCCT	5.6064
TATCGA	1.47874
TATCGC	2.09487
TATCGG	1.73369
TATCGT	2.95747
TATCTA	0.538682
TATCTC	0.897804
TATCTG	1.45029
TATCTT	2.09487
TATGAA	0.107429
TATGAC	0.650132
TATGAG	0.409866
TATGAT	0.513028
TATGCA	0.769546
TATGCC	1.4191
TATGCG	1.04744
TATGCT	1.6171
TATGGA	1.47873
TATGGC	0.444929
TATGGG	0.992309
TATGGT	3.03087
TATGTA	0.137368
TATGTC	0.739364
TATGTG	0.339708
TATGTT	0.628463
TATTAA	0.461255
TATTAC	1.17836
TATTAG	1.12226
TATTAT	1.38631
TATTCA	0.342797
TATTCC	2.02006
TATTCG	0
TATTCT	1.27978
TATTGA	1.53909
TATTGC	1.6759
TATTGG	1.1747
TATTGT	2.58566
TATTTA	0.677383
TATTTC	0.39776
TATTTG	0.189724
TATTTT	0.309926
TCAAAA	1.09496
TCAAAC	0.904262
TCAAAG	0.81751
TCAAAT	0.934199
TCAACA	0.970598
TCAACC	2.6323
TCAACG	1.45029
TCAACT	1.39658
TCAAGA	1.83225
TCAAGC	0.959484
TCAAGG	1.37275
TCAAGT	1.75866
TCAATA	0.703173
TCAATC	0.415512
TCAATG	0.33296
TCAATT	0.89249
TCACAA	2.99483
TCACAC	2.71932
TCACAG	1.94139
TCACAT	2.14113
TCACCA	5.07086
TCACCC	5.3249
TCACCG	3.89744
TCACCT	5.30131
TCACGA	3.63846
TCACGC	3.81409
TCACGG	1.4573
TCACGT	2.68468
TCACTA	1.75384
TCACTC	1.00554
TCACTG	1.44022
TCACTT	2.89363
TCAGAA	1.32944
TCAGAC	1.3331
TCAGAG	1.39946
TCAGAT	0.95025
TCAGCA	1.8621
TCAGCC	2.70477
TCAGCG	0.995585
TCAGCT	2.90544
TCAGGA	1.8079
TCAGGC	1.41444
TCAGGG	0.92102
TCAGGT	1.59609
TCAGTA	0.919699
TCAGTC	1.0318
TCAGTG	0.656357
TCAGTT	0.700722
TCATAA	1.13691
TCATAC	3.98024
TCATAG	2.34209
TCATAT	2.22219
TCATCA	2.14938
TCATCC	2.01491
TCATCG	2.28531
TCATCT	2.27956
TCATGA	3.0016
TCATGC	3.54374
TCATGG	2.1688
TCATGT	3.47765
TCATTA	0.956353
TCATTC	0.726018
TCATTG	0.51939
TCATTT	0.523718
TCCAAA	0.969972
TCCAAC	0
TCCAAG	0.294591
TCCAAT	0.711462
TCCACA	0.44757
TCCACC	0.570033
TCCACG	0.558632
TCCACT	1.64543
TCCAGA	0.415512
TCCAGC	0.485298
TCCAGG	0.261314
TCCAGT	0.625854
TCCATA	0.189011
TCCATC	0.0803145
TCCATG	0.20355
TCCATT	0.392788
TCCCAA	1.3806
TCCCAC	1.22769
TCCCAG	1.03755
TCCCAT	2.55955
TCCCCA	3.36564
TCCCCC	3.06285
TCCCCG	0.897804
TCCCCT	2.7057
TCCCGA	2.38154
TCCCGC	2.13944
TCCCGG	0.718242
TCCCGT	1.72181
TCCCTA	1.31615
TCCCTC	0.528118
TCCCTG	1.04554
TCCCTT	0.997558
TCCGAA	0
TCCGAC	1.57115
TCCGAG	0
TCCGAT	0
TCCGCA	1.53909
TCCGCC	0.79052
TCCGCG	1.93373
TCCGCT	0.51303
TCCGGA	1.55176
TCCGGC	0.605746
TCCGGG	0.639114
TCCGGT	0.546488
TCCGTA	0
TCCGTC	0.299267
TCCGTG	0
TCCGTT	0.380886
TCCTAA	1.01569
TCCTAC	0.661537
TCCTAG	0.994172
TCCTAT	0.966862
TCCTCA	0.670358
TCCTCC	1.21063
TCCTCG	0.241717
TCCTCT	0.759215
TCCTGA	1.34825
TCCTGC	1.17104
TCCTGG	1.26811
TCCTGT	1.82286
TCCTTA	0.382818
TCCTTC	0.19833
TCCTTG	0.0748169
TCCTTT	0.629772
TCGAAA	0
TCGAAC	0
TCGAAG	0
TCGAAT	0
TCGACA	0.931055
TCGACC	2.60053
TCGACG	0
TCGACT	0
TCGAGA	0.232763
TCGAGC	0
TCGAGG	0.661538
TCGAGT	0
TCGATA	1.14266
TCGATC	0
TCGATG	0
TCGATT	0
TCGCAA	2.60053
TCGCAC	2.37795
TCGCAG	0.897801
TCGCAT	0.613132
TCGCCA	3.02873
TCGCCC	4.07003
TCGCCG	1.14266
TCGCCT	2.97692
TCGCGA	3.35179
TCGCGC	1.04744
TCGCGG	3.42797
TCGCGT	5.02769
TCGCTA	2.01107
TCGCTC	0.261859
TCGCTG	0.492911
TCGCTT	1.04743
TCGGAA	0
TCGGAC	0
TCGGAG	0.354063
TCGGAT	0.739366
TCGGCA	0.708125
TCGGCC	0.756041
TCGGCG	0
TCGGCT	0.608188
TCGGGA	0
TCGGGC	1.53909
TCGGGG	0.337429
TCGGGT	1.10905
TCGGTA	0
TCGGTC	0.679418
TCGGTG	0.670358
TCGGTT	0.670358
TCGTAA	1.35884
TCGTAC	0
TCGTAG	0.718242
TCGTAT	2.01107
TCGTCA	1.876
TCGTCC	1.00554
TCGTCG	2.28532
TCGTCT	0.966862
TCGTGA	0.330769
TCGTGC	2.22745
TCGTGG	1.75385
TCGTGT	3.39709
TCGTTA	0.628462
TCGTTC	0
TCGTTG	1.09298
TCGTTT	0.295747
TCTAAA	1.41625
TCTAAC	1.52354
TCTAAG	0.63481
TCTAAT	0.418973
TCTACA	1.26218
TCTACC	3.12455
TCTACG	0.644575
TCTACT	1.02038
TCTAGA	2.21125
TCTAGC	1.36807
TCTAGG	0.802292
TCTAGT	1.27514
TCTATA	0.361704
TCTATC	0.364326
TCTATG	0.153283
TCTATT	0.382818
TCTCAA	2.82333
TCTCAC	2.85797
TCTCAG	2.56604
TCTCAT	2.33168
TCTCCA	6.29919
TCTCCC	6.02603
TCTCCG	1.00554
TCTCCT	4.79916
TCTCGA	3.49145
TCTCGC	3.95881
TCTCGG	2.31773
TCTCGT	3.42797
TCTCTA	1.33715
TCTCTC	1.13528
TCTCTG	1.02929
TCTCTT	1.34138
TCTGAA	1.11232
TCTGAC	1.48969
TCTGAG	0.687999
TCTGAT	1.26666
TCTGCA	2.44401
TCTGCC	2.52301
TCTGCG	0.492911
TCTGCT	2.98346
TCTGGA	2.12437
TCTGGC	1.5667
TCTGGG	0.997558
TCTGGT	1.5921
TCTGTA	0.752649
TCTGTC	0.404642
TCTGTG	0.444927
TCTGTT	1.42968
TCTTAA	2.61858
TCTTAC	2.51384
TCTTAG	1.7956
TCTTAT	2.42452
TCTTCA	2.25297
TCTTCC	1.91435
TCTTCG	1.57115
TCTTCT	2.38344
TCTTGA	2.19656
TCTTGC	3.23639
TCTTGG	2.559
TCTTGT	3.16113
TCTTTA	0.423206
TCTTTC	0.367655
TCTTTG	1.24213
TCTTTT	0.653445
TGAAAA	0.256515
TGAAAC	0.555886
TGAAAG	0.41502
TGAAAT	0.331497
TGAACA	1.18952
TGAACC	0.895341
TGAACG	0.405459
TGAACT	0.552495
TGAAGA	1.4091
TGAAGC	0.640924
TGAAGG	0.677586
TGAAGT	0.375201
TGAATA	0.257831
TGAATC	0.135153
TGAATG	0.190443
TGAATT	0.256514
TGACAA	1.53909
TGACAC	1.18836
TGACAG	1.13236
TGACAT	1.70582
TGACCA	3.81732
TGACCC	3.46035
TGACCG	2.46456
TGACCT	3.07818
TGACGA	3.07818
TGACGC	1.23632
TGACGG	1.35883
TGACGT	2.01108
TGACTA	0.674857
TGACTC	0.676802
TGACTG	0.900727
TGACTT	0.931053
TGAGAA	1.01569
TGAGAC	1.15218
TGAGAG	0.441025
TGAGAT	0.691308
TGAGCA	0.954625
TGAGCC	1.25895
TGAGCG	0.310351
TGAGCT	1.61679
TGAGGA	1.53102
TGAGGC	0.831023
TGAGGG	0.47997
TGAGGT	0.69143
TGAGTA	0.417234
TGAGTC	0.109298
TGAGTG	0.305821
TGAGTT	0.733203
TGATAA	1.6171
TGATAC	1.78287
TGATAG	1.3641
TGATAT	0.632414
TGATCA	1.33715
TGATCC	1.00109
TGATCG	0
TGATCT	1.41978
TGATGA	1.22031
TGATGC	2.91077
TGATGG	1.20858
TGATGT	2.15
TGATTA	0.477311
TGATTC	0.109775
TGATTG	0.288948
TGATTT	0.470504
TGCAAA	0.475591
TGCAAC	0.284586
TGCAAG	0.684037
TGCAAT	0.333696
TGCACA	0.833672
TGCACC	0.618157
TGCACG	0.199512
TGCACT	0.745345
TGCAGA	0.435927
TGCAGC	0.438461
TGCAGG	0.717036
TGCAGT	0.386745
TGCATA	0.421315
TGCATC	0.417234
TGCATG	0.413461
TGCATT	0.16815
TGCCAA	1.6759
TGCCAC	1.34462
TGCCAG	1.01751
TGCCAT	1.04381
TGCCCA	2.56991
TGCCCC	3.32409
TGCCCG	0.891434
TGCCCT	2.63006
TGCCGA	1.84842
TGCCGC	0.285664
TGCCGG	1.57115
TGCCGT	1.09297
TGCCTA	1.16923
TGCCTC	0.510624
TGCCTG	0.84975
TGCCTT	0.981971
TGCGAA	0.534861
TGCGAC	2.99267
TGCGAG	0
TGCGAT	0.465527
TGCGCA	0.502769
TGCGCC	0.234939
TGCGCG	0
TGCGCT	0.708125
TGCGGA	0.798046
TGCGGC	0.507847
TGCGGG	0.207756
TGCGGT	0.804427
TGCGTA	1.16923
TGCGTC	0.405459
TGCGTG	0
TGCGTT	0.399023
TGCTAA	0.43846
TGCTAC	1.33086
TGCTAG	0.931051
TGCTAT	1.07956
TGCTCA	1.15579
TGCTCC	0.361185
TGCTCG	0.785577
TGCTCT	0.467692
TGCTGA	0.8782
TGCTGC	0.904984
TGCTGG	0.929677
TGCTGT	1.3782
TGCTTA	0.394844
TGCTTC	0.201107
TGCTTG	0.214858
TGCTTT	0.599834
TGGAAA	0.57525
TGGAAC	0.213037
TGGAAG	0.135517
TGGAAT	0
TGGACA	0.30166
TGGACC	0.252648
TGGACG	0.369683
TGGACT	0.122626
TGGAGA	0.478321
TGGAGC	0.328607
TGGAGG	0.257391
TGGAGT	0.169854
TGGATA	0.386745
TGGATC	0
TGGATG	0
TGGATT	0.130929
TGGCAA	1.0318
TGGCAC	0.844988
TGGCAG	0.870176
TGGCAT	1.08122
TGGCCA	1.9265
TGGCCC	2.34391
TGGCCG	1.16923
TGGCCT	1.22746
TGGCGA	0.698291
TGGCGC	1.5853
TGGCGG	0.346736
TGGCGT	1.26749
TGGCTA	0.546489
TGGCTC	0.442751
TGGCTG	0.730322
TGGCTT	0.701537
TGGGAA	0.440059
TGGGAC	0.402216
TGGGAG	0.196394
TGGGAT	0.0579227
TGGGCA	0.443359
TGGGCC	0.807445
TGGGCG	0.302873
TGGGCT	0.837948
TGGGGA	0.289363
TGGGGC	0.468684
TGGGGG	0.35912
TGGGGT	0.573499
TGGGTA	0.218595
TGGGTC	0.0843573
TGGGTG	0.352958
TGGGTT	0.208617
TGGTAA	0.490505
TGGTAC	1.77971
TGGTAG	0.78969
TGGTAT	0.446244
TGGTCA	0.849272
TGGTCC	0.344361
TGGTCG	0
TGGTCT	0.652945
TGGTGA	1.27283
TGGTGC	1.18053
TGGTGG	1.01676
TGGTGT	0.808742
TGGTTA	0.573501
TGGTTC	0
TGGTTG	0.0852152
TGGTTT	0.507382
TGTAAA	0.475808
TGTAAC	0.977602
TGTAAG	0.543533
TGTAAT	0.22445
TGTACA	1.08122
TGTACC	2.02457
TGTACG	0.785577
TGTACT	0.871857
TGTAGA	0.86025
TGTAGC	0.326474
TGTAGG	1.42293
TGTAGT	0.727144
TGTATA	0.280877
TGTATC	0.904259
TGTATG	0.119139
TGTATT	0.551625
TGTCAA	2.57231
TGTCAC	1.86927
TGTCAG	1.98662
TGTCAT	2.10283
TGTCCA	4.51468
TGTCCC	4.66336
TGTCCG	1.90443
TGTCCT	4.28496
TGTCGA	0.931055
TGTCGC	1.44474
TGTCGG	2.06053
TGTCGT	2.74951
TGTCTA	1.99511
TGTCTC	0.574892
TGTCTG	0.76177
TGTCTT	1.64742
TGTGAA	0.640099
TGTGAC	1.06797
TGTGAG	0.563184
TGTGAT	0.484988
TGTGCA	1.03475
TGTGCC	2.58493
TGTGCG	0
TGTGCT	1.9961
TGTGGA	1.00286
TGTGGC	1.15739
TGTGGG	1.39887
TGTGGT	1.47873
TGTGTA	0.837947
TGTGTC	0.368599
TGTGTG	0.353297
TGTGTT	1.05846
TGTTAA	1.39658
TGTTAC	1.46308
TGTTAG	1.18453
TGTTAT	1.55495
TGTTCA	0.940554
TGTTCC	1.37476
TGTTCG	0.492911
TGTTCT	1.11451
TGTTGA	0.962748
TGTTGC	1.06972
TGTTGG	0.90589
TGTTGT	1.8079
TGTTTA	0.931055
TGTTTC	0.40084
TGTTTG	0.495685
TGTTTT	0.603927
TTAAAA	1.06519
TTAAAC	0.85009
TTAAAG	0.648733
TTAAAT	0.407651
TTAACA	2.39414
TTAACC	2.63691
TTAACG	2.2181
TTAACT	0.757944
TTAAGA	2.12866
TTAAGC	1.53909
TTAAGG	0.781508
TTAAGT	1.43648
TTAATA	0.854218
TTAATC	0.389744
TTAATG	0.377076
TTAATT	0.368328
TTACAA	2.1344
TTACAC	2.01107
TTACAG	0.836399
TTACAT	1.25692
TTACCA	2.90059
TTACCC	4.52129
TTACCG	3.0166
TTACCT	3.52181
TTACGA	2.79316
TTACGC	1.25692
TTACGG	2.15472
TTACGT	4.57062
TTACTA	1.20664
TTACTC	2.07023
TTACTG	0.739363
TTACTT	1.14787
TTAGAA	1.44866
TTAGAC	1.87951
TTAGAG	0.541777
TTAGAT	1.96614
TTAGCA	2.08402
TTAGCC	2.07565
TTAGCG	0.679418
TTAGCT	1.43276
TTAGGA	1.21442
TTAGGC	1.60885
TTAGGG	1.24911
TTAGGT	2.41715
TTAGTA	0.446904
TTAGTC	0.523718
TTAGTG	0.33971
TTAGTT	0.260502
TTATAA	1.28366
TTATAC	1.86211
TTATAG	0.748169
TTATAT	1.31157
TTATCA	0.571328
TTATCC	0.931055
TTATCG	0
TTATCT	0.946633
TTATGA	1.27606
TTATGC	1.84841
TTATGG	2.55311
TTATGT	1.5782
TTATTA	0.26369
TTATTC	0.325066
TTATTG	0.110742
TTATTT	0.670884
TTCAAA	0.460199
TTCAAC	0.409866
TTCAAG	0.928905
TTCAAT	0.40765
TTCACA	0.672806
TTCACC	1.14572
TTCACG	0
TTCACT	0.833317
TTCAGA	1.10364
TTCAGC	1.04743
TTCAGG	0.547976
TTCAGT	0.455683
TTCATA	0.336675
TTCATC	0.181505
TTCATG	0.184841
TTCATT	0.170623
TTCCAA	1.64367
TTCCAC	1.0089
TTCCAG	0.981971
TTCCAT	0.931051
TTCCCA	2.79977
TTCCCC	2.84082
TTCCCG	0.798046
TTCCCT	2.11445
TTCCGA	2.09487
TTCCGC	0.966862
TTCCGG	1.57115
TTCCGT	1.21149
TTCCTA	0.996677
TTCCTC	0.566181
TTCCTG	0.819732
TTCCTT	0.932623
TTCGAA	0.718242
TTCGAC	0
TTCGAG	0.285664
TTCGAT	0
TTCGCA	1.09298
TTCGCC	4.30946
TTCGCG	0
TTCGCT	0.985822
TTCGGA	0.426076
TTCGGC	0
TTCGGG	0.318208
TTCGGT	0
TTCGTA	0
TTCGTC	0
TTCGTG	0.598535
TTCGTT	0
TTCTAA	0.960149
TTCTAC	1.86672
TTCTAG	0.420726
TTCTAT	0.698291
TTCTCA	0.904603
TTCTCC	0.703501
TTCTCG	0.273244
TTCTCT	0.869568
TTCTGA	1.18934
TTCTGC	1.41365
TTCTGG	1.11479
TTCTGT	1.42629
TTCTTA	0.385559
TTCTTC	0.0475207
TTCTTG	0.254566
TTCTTT	0.192141
TTGAAA	0.306566
TTGAAC	0.613132
TTGAAG	0.379735
TTGAAT	0.299267
TTGACA	0.695075
TTGACC	1.19706
TTGACG	0.613132
TTGACT	1.24448
TTGAGA	0.389311
TTGAGC	0.64933
TTGAGG	0.216711
TTGAGT	0.647342
TTGATA	0
TTGATC	0.354062
TTGATG	0.115846
TTGATT	0.31423
TTGCAA	1.41625
TTGCAC	0.709551
TTGCAG	0.572512
TTGCAT	0.470758
TTGCCA	1.74572
TTGCCC	2.87074
TTGCCG	0.433422
TTGCCT	3.00288
TTGCGA	1.57115
TTGCGC	2.51385
TTGCGG	2.16711
TTGCGT	2.18595
TTGCTA	0.495337
TTGCTC	0.335179
TTGCTG	0.483431
TTGCTT	0.775478
TTGGAA	1.11953
TTGGAC	1.08355
TTGGAG	0.624002
TTGGAT	0.52738
TTGGCA	1.17469
TTGGCC	1.04744
TTGGCG	0.457063
TTGGCT	1.45204
TTGGGA	0.747825
TTGGGC	1.27283
TTGGGG	0.511869
TTGGGT	1.01912
TTGGTA	0.665919
TTGGTC	0
TTGGTG	0.223784
TTGGTT	0.546489
TTGTAA	0.789098
TTGTAC	1.3331
TTGTAG	1.5008
TTGTAT	1.07353
TTGTCA	0.703873
TTGTCC	0.73219
TTGTCG	1.52354
TTGTCT	1.03746
TTGTGA	1.55495
TTGTGC	1.77031
TTGTGG	1.51248
TTGTGT	1.01663
TTGTTA	0.63481
TTGTTC	0.191167
TTGTTG	0.603322
TTGTTT	0.314792
TTTAAA	0.85215
TTTAAC	0.745628
TTTAAG	0.48971
TTTAAT	0.30016
TTTACA	0.739366
TTTACC	0.42368
TTTACG	0
TTTACT	1.13406
TTTAGA	0.946998
TTTAGC	1.79561
TTTAGG	0.476557
TTTAGT	0.16815
TTTATA	0.264615
TTTATC	0.259159
TTTATG	0.290059
TTTATT	0.248077
TTTCAA	2.08465
TTTCAC	1.9917
TTTCAG	1.34775
TTTCAT	1.51166
TTTCCA	3.69518
TTTCCC	4.21039
TTTCCG	1.06972
TTTCCT	3.56368
TTTCGA	3.42797
TTTCGC	2.79316
TTTCGG	2.24451
TTTCGT	3.59121
TTTCTA	0.718242
TTTCTC	1.05447
TTTCTG	0.84784
TTTCTT	0.607487
TTTGAA	0.677889
TTTGAC	0.619172
TTTGAG	0.683374
TTTGAT	1.08122
TTTGCA	1.57874
TTTGCC	2.42406
TTTGCG	0
TTTGCT	1.74572
TTTGGA	1.55968
TTTGGC	1.04743
TTTGGG	1.02038
TTTGGT	1.5614
TTTGTA	0.614632
TTTGTC	0.870176
TTTGTG	0.355733
TTTGTT	0.548474
TTTTAA	1.34118
TTTTAC	1.53387
TTTTAG	0.789371
TTTTAT	1.62661
TTTTCA	0.810917
TTTTCC	1.02143
TTTTCG	0.798046
TTTTCT	0.876922
TTTTGA	1.8202
TTTTGC	2.04615
TTTTGG	1.75384
TTTTGT	2.08876
TTTTTA	0.248587
TTTTTC	0.256515
TTTTTG	0.199248
TTTTTT	0.187478
