AA	AC	AG	AT	CA	CC	CG	CT	GA	GC	GG	GT	TA	TC	TG	TT	cancer
0.0640022	0.0486122	0.0740288	0.0428159	0.0694339	0.0893829	0.0376828	0.0747475	0.0601642	0.0721561	0.0875912	0.0483598	0.0358379	0.0610925	0.0689651	0.0651272	background
0.0514782	0.0988476	0.0782091	0.0516199	0.0287145	0.100973	0.0157268	0.0501086	0.0230471	0.0727779	0.0505809	0.0351374	0.0262114	0.153537	0.083168	0.0798621	Bile_Duct_Cancer
0.047745	0.0953641	0.0826405	0.0454145	0.0328168	0.103616	0.0183296	0.0503275	0.0224238	0.074326	0.0523432	0.0343915	0.0324389	0.151612	0.0803729	0.0758377	Healthy
0.0465509	0.0975398	0.0799807	0.051616	0.0339604	0.105837	0.0183309	0.0536903	0.0236855	0.0789194	0.0506995	0.0353111	0.0262904	0.148384	0.0789677	0.0702364	Pancreatic_Cancer
0.0379534	0.0691894	0.0562024	0.0395208	0.0824004	0.12013	0.0298925	0.0535155	0.0385132	0.062584	0.0609046	0.0304523	0.0535155	0.127071	0.083296	0.0548589	Breast_Cancer
0.0490105	0.098021	0.081375	0.0501443	0.0321068	0.102762	0.0178314	0.0521542	0.0226242	0.0780767	0.0500928	0.0389095	0.0281385	0.143939	0.0774583	0.0773552	Healthy
0.0476695	0.0987039	0.0811939	0.0535269	0.0300972	0.0981431	0.0160768	0.0545239	0.0230558	0.0729686	0.0476695	0.0360793	0.0288509	0.15167	0.0785145	0.0812562	Healthy
0.035988	0.0754347	0.0482333	0.0434661	0.0744999	0.115255	0.0280426	0.060759	0.0423444	0.064685	0.0642176	0.0346794	0.0502898	0.121051	0.0830062	0.0580482	Breast_Cancer
0.0422791	0.0889972	0.0633096	0.0476641	0.0526124	0.104497	0.0219764	0.0523214	0.032528	0.0682579	0.0534857	0.0352205	0.0406782	0.143356	0.0840489	0.0687673	Breast_Cancer
0.0437877	0.0997331	0.0700801	0.054018	0.0319265	0.111347	0.0189285	0.0604428	0.0269349	0.0839182	0.0604428	0.0433429	0.0245132	0.130968	0.0678561	0.0717604	Breast_Cancer
0.0487994	0.0981638	0.0805085	0.0527542	0.0325565	0.10339	0.0155367	0.0536723	0.0214689	0.0753531	0.0517655	0.0379237	0.0278249	0.144703	0.0842514	0.0713277	Healthy
0.0501528	0.10489	0.0787492	0.0484065	0.0324165	0.103635	0.016372	0.0523357	0.0233573	0.0761297	0.0539184	0.0364003	0.0291421	0.142927	0.0797861	0.0713818	Healthy
0.0467522	0.0904415	0.0676144	0.0458853	0.0509131	0.107721	0.0225959	0.0576745	0.028086	0.0740869	0.0538604	0.0375636	0.034154	0.139794	0.0733356	0.0695215	Breast_Cancer
0.0426402	0.093419	0.0737928	0.0462227	0.0404206	0.111371	0.0208333	0.0573209	0.0299065	0.0786604	0.0548287	0.0371885	0.0279984	0.141745	0.0768302	0.0668224	Breast_Cancer
0.0457905	0.10309	0.0851049	0.0475503	0.0309728	0.106539	0.0194988	0.0574757	0.0229129	0.0767281	0.0532873	0.0368154	0.0257286	0.140786	0.0804942	0.0672251	Healthy
0.0504631	0.0948475	0.0812428	0.051621	0.0322269	0.0984176	0.0182362	0.0585681	0.0213238	0.0680239	0.0538402	0.0381127	0.0325164	0.146854	0.07555	0.0781552	Healthy
0.0456607	0.0978149	0.07416	0.0493197	0.0373119	0.10941	0.0183467	0.0513812	0.0252525	0.0768398	0.0506081	0.0362296	0.0275716	0.151	0.074263	0.0748299	Lung_Cancer
0.0563467	0.102424	0.0727783	0.0555936	0.029303	0.0983158	0.0142407	0.0560044	0.0212926	0.0770916	0.0464193	0.0375188	0.0291661	0.151513	0.0707244	0.081268	Breast_Cancer
0.052018	0.0988343	0.0820381	0.0498245	0.03729	0.100965	0.018927	0.055089	0.0271998	0.0674354	0.0517674	0.0362873	0.0302707	0.13744	0.0817247	0.0728879	Healthy
0.0482786	0.0984039	0.0846194	0.0495977	0.031724	0.107242	0.0190608	0.0550059	0.0233478	0.0725498	0.0538188	0.0340324	0.0267115	0.138768	0.0829706	0.0738689	Colorectal_Cancer
0.0477421	0.104491	0.0687455	0.0560223	0.0312222	0.116326	0.0171662	0.0566282	0.0226997	0.0811051	0.0486307	0.0391793	0.026658	0.136845	0.0727846	0.0737539	Pancreatic_Cancer
0.0457107	0.0998418	0.0787312	0.0460466	0.0328038	0.112976	0.018889	0.0510534	0.0238524	0.0804543	0.0513785	0.0343751	0.0281763	0.151144	0.0782544	0.066311899999999993	Healthy
0.0543662	0.091150900000000007	0.0868042	0.0476839	0.0317893	0.0964707	0.0202413	0.0496951	0.0229661	0.0687687	0.0526794	0.0358116	0.0302971	0.149085	0.0809654	0.0812249	Healthy
0.0489649	0.0975927	0.0831488	0.0557535	0.0310544	0.104381	0.0176216	0.0544535	0.0229658	0.0728455	0.0546943	0.0368801	0.0248435	0.139961	0.0806452	0.0741935	Ovarian_Cancer
0.0516649	0.102021	0.0753088	0.0605825	0.0313344	0.105784	0.0163217	0.0573509	0.0233985	0.0730999	0.0492923	0.043729	0.0270801	0.138837	0.0677411	0.0764542	Ovarian_Cancer
0.0503402	0.0918055	0.0742037	0.0578838	0.0371265	0.104822	0.0196233	0.0665122	0.029435	0.0790356	0.05177	0.0437334	0.0284982	0.121586	0.0708017	0.0728232	Colorectal_Cancer
0.0470743	0.0982371	0.0782446	0.0493623	0.0322581	0.105326	0.0191298	0.0507877	0.0216804	0.075994	0.0509752	0.0351463	0.0292573	0.151163	0.0804201	0.0749437	Healthy
0.0486624	0.103509	0.0710039	0.0524978	0.0298207	0.110797	0.0149583	0.0533608	0.0218142	0.0819829	0.0459776	0.0383546	0.0299166	0.15385	0.0693739	0.0741202	Pancreatic_Cancer
0.0469455	0.0999268	0.0787709	0.0521278	0.0340812	0.097732	0.0196927	0.0530423	0.0223753	0.074625	0.0506646	0.0341422	0.0309718	0.142239	0.0824899	0.0801731	Healthy
0.052581	0.0960676	0.0787114	0.0530934	0.0311259	0.101576	0.0167158	0.0547586	0.0220956	0.0720507	0.0493788	0.0372742	0.0309978	0.144037	0.0805047	0.0790316	Healthy
0.0477656	0.0998314	0.0804384	0.0529511	0.0297218	0.101813	0.0175379	0.0542159	0.0223862	0.075548100000000007	0.0510118	0.0391653	0.0291737	0.142622	0.0785835	0.0772344	Healthy
0.0319059	0.0677322	0.0526538	0.0367913	0.0803981	0.126598	0.0360072	0.0522919	0.0385404	0.0672497	0.071532	0.0308203	0.0445115	0.117793	0.0951749	0.05	Breast_Cancer
0.0453963	0.0983586	0.0839318	0.0459733	0.034496	0.102142	0.0186586	0.0545653	0.0234676	0.0713645	0.0548217	0.0337907	0.0264811	0.14446	0.0842524	0.077840500000000007	Healthy
0.0486354	0.0998736	0.0830669	0.0487097	0.0292258	0.103927	0.0170298	0.0542128	0.0219752	0.0738827	0.0491931	0.0358444	0.028854	0.155128	0.0778984	0.0725441	Healthy
0.0509129	0.0951545	0.0750903	0.0568319	0.0325542	0.101776	0.0165028	0.0577849	0.0248796	0.073736	0.0476023	0.0395265	0.0287921	0.142807	0.0757925	0.0802568	Lung_Cancer
0.047271	0.100181	0.0823587	0.0582011	0.0302144	0.101573	0.0169173	0.052562	0.0229741	0.0714286	0.0466444	0.0416319	0.02555	0.142091	0.0826371	0.0777639	Bile_Duct_Cancer
0.0481651	0.100314	0.0794302	0.0483462	0.0309633	0.107134	0.0189522	0.0558909	0.0221511	0.0734549	0.0521487	0.0379044	0.0284283	0.145642	0.0790077	0.0720666	Healthy
0.0495878	0.0994977	0.0785677	0.0542246	0.0305255	0.10246	0.0162287	0.0551262	0.0215095	0.0752834	0.049137	0.0383823	0.0274343	0.142839	0.0835265	0.0756698	Healthy
0.05	0.0977762	0.0776184	0.0501435	0.0324247	0.105954	0.0188666	0.0581779	0.0238881	0.0733859	0.0507174	0.0406743	0.0289096	0.139742	0.0751793	0.0765423	Healthy
0.0489496	0.0937114	0.0800494	0.0574626	0.0313744	0.0992036	0.0184677	0.0562268	0.0231361	0.070644	0.0527942	0.0378278	0.0298641	0.136345	0.082315	0.0816284	Healthy
0.0448443	0.099298	0.0731275	0.0520684	0.0336673	0.112145	0.0190486	0.0539426	0.025489	0.0784434	0.0509439	0.0384039	0.0275676	0.144653	0.0757514	0.0706059	Breast_Cancer
0.0444143	0.0998098	0.0867535	0.0483629	0.0311275	0.111454	0.0183595	0.0510433	0.0235762	0.0790869	0.05724	0.0376124	0.0254784	0.136961	0.0840443	0.064676	Pancreatic_Cancer
0.0501417	0.0985117	0.0795535	0.0535082	0.0263111	0.0962084	0.0174522	0.0521793	0.0209072	0.0707831	0.0478384	0.0388909	0.0312721	0.149539	0.0829199	0.083983	Healthy
0.0485017	0.0969488	0.0872703	0.0506343	0.0317695	0.0980971	0.0183727	0.0555556	0.0206146	0.0700459	0.0551181	0.0342301	0.0302384	0.141678	0.0822944	0.0786308	Ovarian_Cancer
0.0459381	0.0992804	0.0750339	0.0520909	0.0343101	0.104651	0.0197101	0.0575138	0.0209615	0.076181	0.0489102	0.0391595	0.0292523	0.138388	0.0809782	0.077641	Healthy
0.0559839	0.097992	0.0737349	0.0571084	0.0331727	0.100723	0.0151004	0.0497189	0.0272289	0.0803213	0.0473896	0.0323695	0.0325301	0.150361	0.0728514	0.0734137	Bile_Duct_Cancer
0.0465621	0.102929	0.0747246	0.0532377	0.0331275	0.113818	0.018775	0.0563668	0.0250751	0.079773	0.0499416	0.0408044	0.0260764	0.140896	0.0711782	0.066714	Breast_Cancer
0.0491813	0.0969882	0.0779849	0.0525278	0.036393	0.097287	0.014103	0.0574877	0.0256364	0.074997	0.050496	0.0359747	0.0324489	0.142225	0.0770288	0.0792399	Lung_Cancer
0.0474964	0.0946334	0.0742693	0.0567801	0.0343196	0.111644	0.0155726	0.0612123	0.0249161	0.0793004	0.0515692	0.0426449	0.0280906	0.129133	0.0746287	0.0737901	Bile_Duct_Cancer
0.0496358	0.0936067	0.085986	0.0508497	0.0308875	0.100081	0.0182762	0.0541543	0.0259644	0.0690585	0.0519288	0.0394524	0.0302131	0.142501	0.0788373	0.0785676	Healthy
0.0485963	0.100542	0.0785948	0.0530141	0.035984	0.0996152	0.0165313	0.054368	0.0239419	0.070828	0.0455323	0.0376229	0.0276471	0.152843	0.0767422	0.0775973	Healthy
0.0518795	0.094984	0.083363	0.0482035	0.0352781	0.104115	0.016305	0.0525317	0.0244871	0.0737579	0.0496858	0.0353374	0.0321357	0.143365	0.0812878	0.0732835	Healthy
0.0475907	0.108144	0.0757604	0.0513925	0.029727	0.115427	0.0163063	0.0521253	0.022948	0.0829058	0.0436515	0.0366435	0.0252382	0.152116	0.0737908	0.0662331	Pancreatic_Cancer
0.0516339	0.10014	0.0794613	0.0550804	0.0306357	0.0996936	0.0171688	0.0546336	0.0255297	0.0745468	0.0476768	0.040337	0.0293592	0.140733	0.0712918	0.0820781	Pancreatic_Cancer
0.0513292	0.0992282	0.07779	0.0496754	0.0293397	0.103516	0.0188044	0.0564743	0.023827	0.0774838	0.0482053	0.0365674	0.0286659	0.142778	0.0771163	0.0791988	Healthy
0.0465154	0.100431	0.0778974	0.0480062	0.03076	0.111253	0.0175894	0.0501941	0.0231558	0.0787447	0.0484888	0.0361655	0.0274566	0.154014	0.0777365	0.071591	Healthy
0.0509118	0.0974629	0.0823989	0.0523276	0.031657	0.103353	0.0179522	0.0552724	0.0234455	0.0705063	0.0513082	0.0360743	0.0289387	0.143618	0.0813229	0.0734511	Healthy
0.051307	0.102405	0.0841908	0.0538098	0.0295467	0.100528	0.0171719	0.0533927	0.0218298	0.070356	0.0480395	0.0377503	0.0304505	0.14106	0.0788376	0.0793242	Healthy
0.0494139	0.099049	0.080424	0.0563805	0.0312312	0.107042	0.0168083	0.056886	0.0227639	0.0736312	0.0502196	0.0387823	0.0273609	0.138463	0.0761903	0.0753531	Healthy
0.0433056	0.0864744	0.0678562	0.0430319	0.0502419	0.110934	0.0252806	0.0582732	0.0321256	0.0795382	0.0580451	0.0364607	0.0323537	0.131879	0.0783974	0.0658027	Lung_Cancer
0.0480349	0.100997	0.078674	0.0492956	0.0325939	0.108076	0.0173495	0.0524532	0.0227047	0.0780032	0.0500012	0.0353119	0.0281755	0.149229	0.0764186	0.0726827	Healthy
0.0446353	0.0943643	0.0633449	0.054235	0.0359172	0.123914	0.0173056	0.0693202	0.0331418	0.088780800000000007	0.0499576	0.0473454	0.0250441	0.122478	0.0593287	0.0708875	Breast_Cancer
0.0548835	0.102883	0.0792047	0.0515378	0.0290825	0.0992794	0.0164072	0.0505083	0.0233561	0.0731566	0.0502509	0.0364174	0.0292112	0.145026	0.0817784	0.0770171	Healthy
0.0503818	0.10024	0.0771822	0.0524031	0.0308429	0.104731	0.0156461	0.0534511	0.0238808	0.0738134	0.0485103	0.0375056	0.0268753	0.149424	0.0771822	0.0779308	Healthy
0.046479	0.096228	0.0797034	0.0536611	0.0324653	0.104753	0.0188018	0.0512671	0.0244657	0.0752073	0.0537195	0.0395889	0.0303632	0.13897	0.0794698	0.0748569	Healthy
0.0476017	0.0987766	0.0834545	0.0476623	0.0318556	0.101623	0.0168968	0.0537791	0.0230741	0.0763687	0.0494186	0.0342175	0.033188	0.146802	0.0809109	0.0743702	Healthy
0.0496661	0.099296	0.0837814	0.0503653	0.0297755	0.101128	0.0170818	0.053174	0.0225908	0.0759095	0.0507028	0.0370687	0.0274731	0.145309	0.0811775	0.0754997	Healthy
0.0470633	0.10116700000000001	0.0758594	0.0519472	0.029811	0.108905	0.0165546	0.0545478	0.0220728	0.0751617	0.0506152	0.0378029	0.0274007	0.147342	0.0764303	0.0773183	Pancreatic_Cancer
0.0447238	0.0941411	0.0818947	0.0524385	0.0333945	0.105686	0.0192059	0.0574018	0.0228744	0.0797367	0.0536793	0.0377104	0.0263811	0.141077	0.0774169	0.0722378	Colorectal_Cancer
0.0483432	0.0981049	0.0821607	0.0518044	0.0302996	0.106616	0.0178734	0.0566841	0.0235474	0.0812528	0.0540172	0.0368815	0.0245688	0.139526	0.0766568	0.0716636	Lung_Cancer
0.0490148	0.10156	0.0697044	0.0552545	0.0388752	0.113793	0.0149836	0.0611658	0.0245074	0.0811987	0.0485632	0.0391215	0.0305008	0.131938	0.0681856	0.0716338	Pancreatic_Cancer
0.0490069	0.097105	0.0792548	0.0510191	0.0322602	0.10074	0.0190835	0.0586784	0.0264183	0.069064	0.0536804	0.0389459	0.0290796	0.135921	0.0806829	0.0790601	Healthy
0.0459888	0.10373	0.0632345	0.0577414	0.0316811	0.106796	0.0147547	0.051418	0.0249106	0.0779254	0.0498212	0.0388988	0.0300204	0.148889	0.0776699	0.0765202	Gastric_cancer
0.0538734	0.100996	0.0777953	0.0517106	0.0335562	0.10021	0.0147464	0.0547254	0.0260191	0.0718967	0.0496789	0.0355223	0.0319832	0.147005	0.078975	0.0713069	Pancreatic_Cancer
0.0523291	0.0978115	0.0817337	0.0535518	0.0312997	0.0964054	0.0158944	0.0511065	0.0242083	0.0736643	0.0523291	0.0375352	0.0295268	0.14201	0.0839345	0.0766597	Healthy
0.0526177	0.10238	0.0777366	0.0516658	0.0285034	0.106399	0.0173453	0.0555262	0.022422	0.0823374	0.0502909	0.0374934	0.0267583	0.136542	0.0772607	0.0747224	Pancreatic_Cancer
0.0477153	0.0967785	0.0813452	0.0527699	0.0301927	0.103451	0.017253	0.0510177	0.0231837	0.0724491	0.0526351	0.03673	0.029047	0.151099	0.0812778	0.0730557	Healthy
0.0492299	0.0978261	0.085348	0.0510821	0.030659	0.0978748	0.0188146	0.0519107	0.0210567	0.0724313	0.0511796	0.0377267	0.0292942	0.149396	0.0816436	0.0745272	Breast_Cancer
0.0522883	0.0925101	0.0820741	0.0523426	0.0352212	0.100337	0.0190782	0.0521796	0.0238613	0.0688662	0.0546255	0.0361996	0.029351	0.146048	0.0831612	0.0718556	Healthy
0.0515337	0.102548	0.0840963	0.0480415	0.0282209	0.103398	0.0163285	0.0524304	0.0192072	0.0773006	0.0515337	0.0357716	0.0283152	0.145021	0.0807456	0.0755073	Breast_Cancer
0.0469296	0.096067	0.0784042	0.0584822	0.0336825	0.102845	0.017098	0.0593551	0.024543	0.0736291	0.0493428	0.0387143	0.025724	0.1355	0.0749641	0.0847197	Gastric_cancer
0.0479132	0.0986564	0.084654	0.0499803	0.0321636	0.10503	0.0189241	0.0520967	0.0238212	0.0753519	0.0539669	0.0359287	0.0272665	0.144281	0.0798061	0.0701595	Healthy
0.0459623	0.10441	0.0749124	0.0492114	0.0318341	0.11058	0.0164282	0.0507812	0.0230359	0.0801694	0.0495035	0.0348642	0.0269057	0.154644	0.0749854	0.0717728	Healthy
0.0462716	0.10065	0.0752672	0.049247	0.031121	0.112673	0.0178528	0.0493988	0.024411	0.078273	0.0503401	0.0363432	0.0260505	0.150868	0.0778783	0.0733544	Healthy
0.0537576	0.100728	0.0759666	0.0511512	0.0341008	0.102574	0.0161273	0.0533232	0.0237837	0.0727628	0.0518028	0.035404	0.0300282	0.142539	0.0799305	0.0760209	Healthy
0.0511858	0.109126	0.0712999	0.0489343	0.0340739	0.113104	0.0136596	0.0518613	0.0258931	0.0758781	0.0448814	0.0370009	0.0306965	0.156635	0.0665716	0.0691984	Gastric_cancer
0.0442194	0.0942398	0.0837065	0.0518522	0.0361286	0.106249	0.0198962	0.0565846	0.0233055	0.0719011	0.0538368	0.0358742	0.0310401	0.141054	0.0801954	0.0699165	Gastric_cancer
0.0461116	0.0973002	0.0774698	0.04868	0.0361964	0.109485	0.0203679	0.0569227	0.0246685	0.0769323	0.0504121	0.036734	0.0269382	0.145741	0.0763947	0.0696452	Healthy
0.0478384	0.0978738	0.0827073	0.0533664	0.0309001	0.0991495	0.019348	0.0520198	0.022679	0.0710843	0.0495393	0.0367116	0.0295535	0.143161	0.0839121	0.0801559	Healthy
0.0518253	0.0957859	0.0727198	0.0559338	0.0341589	0.109285	0.0154361	0.0579293	0.0247095	0.0765348	0.0489494	0.0388543	0.0295222	0.143385	0.0694917	0.0754783	Healthy
0.048003	0.100331	0.0812687	0.0516339	0.031557	0.101826	0.0181546	0.0548911	0.0230137	0.0751815	0.0505126	0.0379111	0.0268582	0.146358	0.0779581	0.0745408	Ovarian_Cancer
0.0399355	0.0894517	0.0587175	0.0383229	0.0627964	0.1107	0.0291216	0.0467653	0.0357617	0.0653576	0.065073	0.0315879	0.0406944	0.137545	0.09059	0.0575792	Gastric_cancer
0.0500514	0.103038	0.0825627	0.0481433	0.0319977	0.103625	0.0160722	0.0527668	0.0239248	0.0747101	0.0523998	0.0339058	0.0293556	0.143989	0.079774	0.0736827	Healthy
0.0478045	0.101655	0.0762218	0.0509437	0.0298899	0.111877	0.0164322	0.0548773	0.0232531	0.0816281	0.0488509	0.0362167	0.0256656	0.146834	0.0757567	0.0720943	Healthy
0.0473067	0.0992605	0.0772786	0.0472561	0.0317953	0.108099	0.0174741	0.051384	0.023704	0.0765822	0.0506749	0.0346443	0.02963	0.155152	0.0783422	0.0714159	Healthy
0.0472935	0.0950585	0.0776594	0.0501697	0.0340438	0.103923	0.0178706	0.0515843	0.0249434	0.0738401	0.054602	0.0391362	0.030083	0.143342	0.08096	0.0754904	Colorectal_Cancer
0.0452917	0.0950062	0.0840331	0.0461874	0.0324712	0.111746	0.0174672	0.0555369	0.0239615	0.0804501	0.0582801	0.0379017	0.0246333	0.13929	0.0794984	0.0682454	Colorectal_Cancer
0.0472028	0.105871	0.0768824	0.0480566	0.0301268	0.116076	0.0154903	0.0512685	0.0236217	0.085705	0.050618	0.0361441	0.0236624	0.149658	0.0727761	0.0668401	Breast_Cancer
0.0513344	0.103275	0.0811094	0.0514446	0.0274592	0.0959969	0.014667	0.0518858	0.0205668	0.0818813	0.0451588	0.0370534	0.028176	0.158249	0.0757058	0.0760366	Breast_Cancer
0.0525251	0.0978902	0.0791976	0.0529077	0.0282575	0.101334	0.0159051	0.0541648	0.0227919	0.0787057	0.0479886	0.0380958	0.0276563	0.146535	0.0851006	0.0709445	Ovarian_Cancer
0.0508938	0.104805	0.0818058	0.0510646	0.0337015	0.110213	0.0162245	0.0515769	0.0239098	0.074519	0.0479904	0.033303	0.0274394	0.141922	0.0770807	0.0735512	Pancreatic_Cancer
0.0474172	0.0942008	0.0799708	0.0560429	0.0332846	0.10999	0.0177875	0.0629142	0.0237817	0.0765107	0.0513645	0.0403996	0.0258772	0.130604	0.0736355	0.0762183	Bile_Duct_Cancer
0.0474402	0.0956894	0.0761008	0.054952	0.0337455	0.101757	0.0192419	0.0577834	0.0236912	0.074714	0.049347	0.0396394	0.0269271	0.143592	0.0783543	0.0770253	Lung_Cancer
0.052454	0.103944	0.0781506	0.0514897	0.0334105	0.102112	0.0162472	0.0509594	0.0239128	0.0756436	0.0470061	0.0378941	0.0297464	0.14608	0.0776685	0.0732813	Healthy
0.0468106	0.0987443	0.0773983	0.0514314	0.0320944	0.1112	0.0181818	0.052888	0.0239578	0.0796585	0.0487695	0.039327	0.0256655	0.149573	0.0713712	0.0729282	Healthy
0.0422893	0.103926	0.0740767	0.0495842	0.030413	0.118445	0.0197702	0.0591345	0.0227657	0.087433	0.0544122	0.0397519	0.0206865	0.136348	0.0741119	0.0668523	Colorectal_Cancer
0.0497999	0.0957092	0.0853713	0.0581369	0.0293464	0.106158	0.0193419	0.0556914	0.0221209	0.0743664	0.0474655	0.0442419	0.0280124	0.137394	0.0725878	0.0742552	Lung_Cancer
0.0537845	0.0942119	0.0816563	0.0518255	0.0348175	0.104185	0.0175423	0.0599288	0.0247551	0.0714159	0.0479964	0.0404274	0.0284951	0.137222	0.0796972	0.0720392	Healthy
0.0491194	0.0958904	0.0855838	0.0519896	0.0302674	0.10561	0.0180039	0.0532942	0.025636	0.0714286	0.053229	0.0377038	0.0277234	0.136399	0.0825832	0.0755382	Healthy
0.0463849	0.0911971	0.0892256	0.0458976	0.0345782	0.108785	0.0227494	0.0498184	0.0255848	0.0758462	0.0612484	0.0352428	0.0262936	0.132664	0.0915072	0.0629763	Bile_Duct_Cancer
0.0480285	0.0992193	0.0720427	0.0577626	0.0321178	0.114833	0.0144283	0.0620121	0.0232236	0.0807392	0.0480285	0.040419	0.0259413	0.138156	0.0720921	0.0709556	Pancreatic_Cancer
0.0483218	0.0984579	0.0729886	0.0527179	0.0317494	0.110913	0.0171307	0.057428	0.0206894	0.0763031	0.0474496	0.0376457	0.025225	0.152746	0.0737911	0.0764427	Healthy
0.0546026	0.0991882	0.0843263	0.0529658	0.0306403	0.0985989	0.015582	0.0486448	0.0245515	0.0697263	0.0492995	0.0383659	0.0290035	0.145018	0.0803981	0.0790886	Breast_Cancer
0.0422843	0.0937033	0.0820981	0.0473974	0.0299897	0.105194	0.0214294	0.0650925	0.026083	0.0808342	0.0567046	0.0383776	0.0255084	0.139722	0.0788808	0.0667011	Colorectal_Cancer
0.0451234	0.101755	0.0817602	0.0537755	0.0293095	0.109828	0.0195811	0.0551416	0.0215681	0.0781586	0.0524921	0.0376304	0.0254595	0.138102	0.0797317	0.0705829	Healthy
0.0491143	0.0957595	0.0807837	0.0516908	0.0323671	0.105582	0.0185722	0.0519592	0.0246914	0.0738057	0.0564144	0.03489	0.0278583	0.141331	0.0800322	0.0751476	Ovarian_Cancer
0.0486631	0.0996679	0.0813181	0.0498978	0.027546	0.101456	0.0179666	0.0533464	0.0222667	0.0778696	0.050877	0.0331659	0.0293341	0.149268	0.0805518	0.0768052	Breast_Cancer
0.0528691	0.0889749	0.0751128	0.0523856	0.0348162	0.0989684	0.0196647	0.0578659	0.0274017	0.073501	0.0552869	0.0362669	0.0357834	0.134591	0.077853	0.0786589	Lung_Cancer
0.0501921	0.0992688	0.0801834	0.0562028	0.0307969	0.0986492	0.0192713	0.0564506	0.0246623	0.070207	0.0533523	0.039410100000000003	0.0282563	0.139113	0.0767133	0.077271	Healthy
0.0465579	0.100267	0.079443	0.0512414	0.0305434	0.110654	0.0173868	0.056013	0.023027100000000002	0.080979	0.0514932	0.0371783	0.0254067	0.143262	0.0759052	0.0706426	Healthy
0.0470821	0.0995795	0.0765163	0.0522426	0.0296891	0.105505	0.0170744	0.0573394	0.0270133	0.0763889	0.050395	0.0376529	0.029498	0.141501	0.0775994	0.0749235	Healthy
0.050018	0.0935588	0.0799448	0.0531366	0.0328655	0.104114	0.0169126	0.059074	0.024889	0.0687897	0.0530766	0.0379633	0.0300468	0.139379	0.0790452	0.077186	Healthy
0.0525561	0.0989539	0.0758394	0.0585456	0.0322254	0.101063	0.0146786	0.0578708	0.0231989	0.0742365	0.0436983	0.0419268	0.0264046	0.14493	0.0739835	0.0798886	Breast_Cancer
0.0463373	0.101193	0.0771295	0.0531516	0.0307922	0.110264	0.0181857	0.0539182	0.022402	0.0801959	0.0545571	0.036115800000000003	0.0253833	0.141141	0.0779813	0.0712521	Ovarian_Cancer
0.0424173	0.0892056	0.0780692	0.0492588	0.0334854	0.104105	0.0221589	0.0753706	0.0247434	0.0794755	0.059065	0.0434436	0.0237932	0.127252	0.0740403	0.0741163	Colorectal_Cancer
0.0460592	0.0953194	0.0898776	0.0460236	0.030801	0.103713	0.0199175	0.0503628	0.0221226	0.0786385	0.0559468	0.0349979	0.0256082	0.145931	0.0852539	0.0694267	Healthy
0.04928	0.106373	0.0711878	0.0539781	0.0366153	0.115259	0.0154734	0.0582167	0.0249208	0.0801246	0.0468287	0.0410581	0.0282913	0.13297900000000001	0.0690941	0.0703197	Breast_Cancer
0.0459179	0.100109	0.0812234	0.0480488	0.0305841	0.108256	0.0178825	0.0547339	0.0233977	0.0777973	0.0512242	0.0374363	0.0258628	0.148742	0.0763767	0.0724075	Healthy
0.0489319	0.0997103	0.0836172	0.0527045	0.0313744	0.101907	0.017462	0.05202	0.0237974	0.0729522	0.0491866	0.0365	0.0302283	0.144997	0.078603	0.0760084	Healthy
0.0483651	0.0999369	0.0766481	0.0541478	0.031227	0.106245	0.0168752	0.0544633	0.0229734	0.0752287	0.050573	0.0382189	0.0296499	0.140784	0.0753338	0.0793292	Breast_Cancer
0.0474909	0.0939557	0.0864826	0.0492914	0.0328545	0.102048	0.020309	0.0543832	0.0229226	0.0750407	0.0540928	0.0375397	0.0281306	0.140014	0.0820104	0.0734337	Healthy
0.0551502	0.0996423	0.0779685	0.0517167	0.0318312	0.094206	0.0144492	0.0512876	0.0238197	0.0753219	0.043133	0.0360515	0.0293991	0.149428	0.0799714	0.0866237	Pancreatic_Cancer
0.0499743	0.0988689	0.0771208	0.0538817	0.034653	0.103342	0.0173265	0.0547558	0.0230848	0.0737789	0.0493059	0.0401028	0.0295116	0.14545	0.0719794	0.0768638	Healthy
0.048084	0.0983321	0.0906788	0.051726	0.0291354	0.101499	0.0193181	0.0521482	0.0250185	0.0715718	0.0569513	0.0376333	0.0240684	0.133115	0.0930012	0.0677188	Pancreatic_Cancer
0.0473689	0.0945735	0.0776619	0.0517609	0.0330433	0.108694	0.0184714	0.0575897	0.0244643	0.0772925	0.0528282	0.0401034	0.0274198	0.137099	0.0756917	0.0759379	Healthy
0.0500078	0.100484	0.0819659	0.0548523	0.0332865	0.0947023	0.0174246	0.0511017	0.0252383	0.0702454	0.0484451	0.0364901	0.0286764	0.145413	0.0810283	0.0806376	Healthy
0.046637	0.101969	0.0771055	0.0555476	0.0303248	0.106424	0.0173901	0.0606496	0.0250072	0.0732969	0.0513078	0.0376545	0.0265881	0.141636	0.0732251	0.0752371	Healthy
0.0476825	0.101587	0.0808254	0.054539700000000003	0.0298413	0.106095	0.0159365	0.0521905	0.0233651	0.0761905	0.0525079	0.0373333	0.027746	0.145397	0.076	0.0727619	Lung_Cancer
0.0468646	0.0953865	0.0772902	0.0530956	0.0340713	0.0987008	0.0182951	0.0552168	0.0224712	0.070065	0.0513721	0.0399045	0.0265809	0.150802	0.0804057	0.0794777	Lung_Cancer
0.049228	0.102109	0.0798605	0.0542089	0.0296364	0.0995351	0.01652	0.0542919	0.0232442	0.0761249	0.0487299	0.0361946	0.027727	0.145692	0.0778682	0.0790304	Healthy
0.0513117	0.095963	0.0863124	0.0542341	0.0310589	0.0982058	0.0159032	0.0499524	0.0251461	0.0731956	0.054302	0.0354085	0.0270491	0.143537	0.0793122	0.0791083	Healthy
0.0485573	0.104106	0.0829414	0.0521164	0.0273294	0.106457	0.0182408	0.0533876	0.0229439	0.0747426	0.0518622	0.039278	0.028092	0.135312	0.0811618	0.0734715	Pancreatic_Cancer
0.0449991	0.0966784	0.086658	0.053303	0.0310354	0.110039	0.0179532	0.059241	0.022082	0.0754778	0.0559009	0.0407775	0.023149	0.129477	0.0784004	0.0748284	Bile_Duct_Cancer
0.0534523	0.0977662	0.0905135	0.0507688	0.0326371	0.098564	0.0181317	0.0533798	0.0216855	0.0728169	0.049971	0.0379315	0.028358	0.134972	0.0816652	0.0773861	Healthy
0.047771	0.106216	0.0784324	0.0542068	0.0309753	0.10585	0.0180515	0.0523231	0.0221327	0.0741419	0.0484512	0.0365216	0.0279406	0.148912	0.0733571	0.0747175	Ovarian_Cancer
0.0524231	0.0977836	0.078491	0.0539734	0.0307189	0.103583	0.0161346	0.0549495	0.0233693	0.0710266	0.0533418	0.0431213	0.0265273	0.142455	0.0738401	0.0782614	Ovarian_Cancer
0.0453704	0.0979718	0.0758377	0.0476631	0.0345238	0.110626	0.0190035	0.0567019	0.0248236	0.079806	0.0539242	0.0383598	0.0272487	0.138933	0.0791887	0.0700176	Pancreatic_Cancer
0.0461373	0.0995172	0.0845494	0.0503219	0.0287554	0.107672	0.0168991	0.0575644	0.0229614	0.0787017	0.0516094	0.0368562	0.0269313	0.141094	0.0775751	0.0728541	Lung_Cancer
0.0493724	0.0957992	0.0802382	0.0509093	0.0299693	0.0970799	0.015625	0.0547515	0.0264472	0.0728099	0.0539191	0.0389344	0.031186	0.147157	0.0773566	0.0784452	Healthy
0.0482781	0.104522	0.0771645	0.0496862	0.0338751	0.11108	0.0172594	0.0535484	0.0223286	0.0822739	0.0504908	0.0359269	0.028122	0.141093	0.0724976	0.0718539	Breast_Cancer
0.0482829	0.0966684	0.0747822	0.0554075	0.0337263	0.112096	0.017427	0.0606868	0.0288057	0.0809841	0.0519733	0.0457714	0.0212711	0.128293	0.0701691	0.0736545	Bile_Duct_Cancer
0.0492989	0.0969968	0.0761842	0.0540466	0.0336756	0.105388	0.0179971	0.0575246	0.0221376	0.0769018	0.0501822	0.0406316	0.0293143	0.136469	0.0760738	0.0771779	Healthy
0.0495862	0.0941629	0.0884275	0.05416	0.0320168	0.100044	0.0172789	0.0585886	0.0224336	0.0669377	0.0526354	0.0378975	0.0286046	0.134384	0.082329	0.080514	Healthy
0.0491921	0.0991589	0.0816733	0.0506308	0.0293825	0.101538	0.0184816	0.0526228	0.0246237	0.0737052	0.0553896	0.0369633	0.0284971	0.138446	0.0810093	0.0786853	Colorectal_Cancer
0.048156	0.0975723	0.0785354	0.0540594	0.0346909	0.108981	0.0161847	0.0589016	0.0268639	0.0709737	0.0533298	0.0401963	0.0277925	0.129809	0.0774741	0.0764792	Pancreatic_Cancer
0.0459931	0.105531	0.0661787	0.0525204	0.0335421	0.126962	0.0170918	0.0661787	0.0249019	0.089345	0.0468609	0.0441065	0.0219967	0.131339	0.0615756	0.0658768	Breast_Cancer
0.043384	0.0979058	0.0864012	0.0449847	0.0287782	0.111278	0.0196078	0.0535881	0.0218754	0.0814326	0.0568894	0.0350807	0.0241096	0.144358	0.0817327	0.0685941	Ovarian_Cancer
0.048037	0.101182	0.0815013	0.046785	0.0303345	0.108468	0.0169012	0.0501778	0.0221844	0.0788597	0.0488883	0.0358055	0.0272047	0.155253	0.0779834	0.0704342	Healthy
0.0488473	0.0993504	0.0753407	0.0548338	0.0327665	0.10798	0.0157942	0.0565215	0.0241371	0.0790027	0.0492931	0.0408865	0.0278627	0.140269	0.0705324	0.0765826	Pancreatic_Cancer
0.0507409	0.10118	0.0749052	0.0558666	0.0316161	0.112982	0.015765	0.0603032	0.0245951	0.075939	0.0456582	0.0386802	0.0273088	0.137836	0.073613	0.07301	Breast_Cancer
0.0457338	0.100892	0.0738388	0.047038	0.0341636	0.113093	0.0188909	0.0519185	0.0238135	0.0782565	0.0480057	0.033827	0.0304611	0.15361	0.0746802	0.0717772	Healthy
0.0479195	0.0998658	0.0741387	0.0529754	0.0333333	0.116197	0.0163758	0.0598658	0.0248322	0.0765548	0.0496197	0.0383445	0.0239821	0.134899	0.0758389	0.0752573	Breast_Cancer
0.0509621	0.108566	0.0713842	0.0532588	0.0291124	0.102048	0.0152079	0.0513346	0.0248293	0.0774053	0.0432651	0.0353197	0.033023	0.156611	0.0715084	0.0761639	Gastric_cancer
0.0494807	0.101289	0.0809956	0.0537782	0.0291871	0.10493	0.0178465	0.0553898	0.0198759	0.0766981	0.0506148	0.0391548	0.0264414	0.145159	0.0746687	0.0744897	Healthy
0.0476522	0.0983806	0.0833769	0.0495676	0.0305589	0.102734	0.018051	0.0516281	0.0229265	0.0757444	0.0539788	0.0359278	0.0271635	0.146526	0.0817807	0.0740031	Healthy
0.0435624	0.0952565	0.082575	0.0575024	0.02788	0.105324	0.0169409	0.0584705	0.024395	0.0764763	0.0461762	0.0374637	0.0279768	0.13969	0.0803485	0.0799613	Bile_Duct_Cancer
0.0483212	0.0978524	0.0844676	0.0590593	0.0305505	0.0989867	0.0176195	0.0572444	0.0231397	0.0741833	0.0510436	0.0386419	0.0273745	0.137175	0.0775106	0.07683	Healthy
0.0538873	0.0972134	0.0845527	0.0530602	0.0269118	0.0968317	0.0155872	0.0566866	0.0214404	0.0753913	0.0504517	0.0391271	0.0278661	0.14054	0.0769818	0.0834712	Healthy
0.0503511	0.0992447	0.0875845	0.0533324	0.0282894	0.0991785	0.0162316	0.0536637	0.0247781	0.0689016	0.0464423	0.0378296	0.0269644	0.143501	0.0818206	0.0818868	Healthy
0.0471109	0.100633	0.0798977	0.0458124	0.0342477	0.106395	0.0187875	0.0503165	0.0258075	0.0734459	0.051899	0.0329898	0.0301899	0.152289	0.0804253	0.0697533	Healthy
0.0509628	0.100224	0.078146	0.051142	0.0319749	0.0997761	0.0167936	0.0551724	0.0250784	0.0734438	0.0513659	0.0377071	0.0310345	0.141424	0.0774295	0.0783251	Healthy
0.0475931	0.102053	0.0850558	0.0508567	0.0315475	0.102665	0.0167256	0.0543242	0.0235926	0.076421	0.0480011	0.0372586	0.0263122	0.14230400000000001	0.0792766	0.0760131	Breast_Cancer
0.0514738	0.0942954	0.0792638	0.0509606	0.0346092	0.101261	0.0166447	0.0566065	0.0255903	0.0726646	0.0484675	0.0372489	0.033436	0.13763	0.0841032	0.0757442	Healthy
0.0454046	0.0963536	0.0778222	0.0534466	0.0324675	0.102847	0.0178821	0.0584915	0.0238262	0.074026	0.0491009	0.0395604	0.0279221	0.145405	0.0756743	0.0797702	Pancreatic_Cancer
0.042637	0.091895	0.0820776	0.0483447	0.0321347	0.110388	0.019863	0.0638699	0.0236872	0.0743721	0.0563927	0.0379566	0.0263699	0.136187	0.0785959	0.0752283	Colorectal_Cancer
0.0431986	0.0952191	0.0797951	0.049687	0.0322709	0.117188	0.0208879	0.0635743	0.02214	0.0826409	0.0537279	0.040296	0.022823	0.13284	0.0741036	0.0696073	Colorectal_Cancer
0.0414891	0.0964527	0.0811607	0.0443094	0.0305841	0.117636	0.0205565	0.0515793	0.022186	0.0864252	0.058348	0.0384181	0.022186	0.147468	0.0784031	0.0627977	Colorectal_Cancer
0.0516779	0.1	0.0822819	0.0512752	0.032349	0.0989262	0.0168456	0.0528188	0.022953	0.0739597	0.0518792	0.0334899	0.0304698	0.145168	0.0824832	0.0734228	Healthy
0.048556	0.102106	0.0800241	0.0518652	0.0304452	0.100903	0.0181107	0.0537304	0.0251504	0.0729242	0.0461492	0.0410951	0.0297232	0.146871	0.0749699	0.0773767	Healthy
0.0476052	0.0972424	0.0839381	0.0468795	0.0312046	0.105031	0.0194969	0.0510402	0.0208999	0.0777939	0.0528786	0.032656	0.0273343	0.150847	0.0831156	0.0720368	Healthy
0.0496003	0.103864	0.0822432	0.0483285	0.0327035	0.106286	0.0162912	0.0510538	0.0213784	0.0687984	0.0516594	0.0373668	0.027374	0.152859	0.0786095	0.0715843	Healthy
0.0518971	0.097834	0.0839512	0.046155	0.0308184	0.101904	0.0169356	0.05008	0.0253671	0.0730484	0.0527693	0.0366332	0.0297282	0.144716	0.0818433	0.0763192	Healthy
0.0490249	0.0981934	0.0812772	0.0562439	0.0316237	0.103796	0.0168983	0.0569623	0.0228962	0.0715261	0.0480911	0.037891	0.0277628	0.141795	0.0783141	0.0777036	Healthy
0.048306	0.0978142	0.0768306	0.0553005	0.0319126	0.101639	0.0191257	0.0597814	0.0272131	0.076612	0.0528962	0.0383607	0.0257923	0.137923	0.0756284	0.0748634	Healthy
0.0454711	0.0977234	0.0819811	0.0524946	0.0313635	0.104081	0.0205861	0.0572172	0.021131	0.079317	0.0512231	0.0376605	0.0282151	0.141802	0.0756842	0.0740494	Healthy
0.0472112	0.0950851	0.0782604	0.0496074	0.0402774	0.106709	0.022229	0.0511369	0.0248802	0.073162	0.053992	0.034975	0.0304374	0.1373	0.0841746	0.0705618	Gastric_cancer
0.0488053	0.104779	0.0773767	0.0550076	0.031215	0.103915	0.0178953	0.0529232	0.0248602	0.0749365	0.0483986	0.0375191	0.0297407	0.146772	0.0719878	0.0738688	Breast_Cancer
0.0506732	0.0963614	0.07786	0.0529345	0.033867800000000003	0.104481	0.0165999	0.0556583	0.0223045	0.0742625	0.0474355	0.0397266	0.0287285	0.145287	0.0763182	0.0775003	Healthy
0.0505486	0.0988767	0.0747126	0.0566876	0.0337644	0.107106	0.0154781	0.058255	0.0237722	0.0763454	0.0447362	0.0361155	0.0292581	0.145376	0.0732106	0.0757576	Lung_Cancer
0.0514069	0.0952381	0.0836039	0.0526515	0.030303	0.0987554	0.0194805	0.0559524	0.0220238	0.075270599999999993	0.0507576	0.0373918	0.0285173	0.142695	0.0796537	0.0762987	Ovarian_Cancer
0.0321763	0.0962757	0.0523182	0.0617558	0.0295794	0.10888	0.0148214	0.0603623	0.0217254	0.0751837	0.046681	0.0426273	0.028946	0.152584	0.0840512	0.0920319	Gastric_cancer
0.0472052	0.0996149	0.0859269	0.0473613	0.0324243	0.101488	0.0184241	0.0536067	0.0234204	0.0780681	0.0520974	0.0377329	0.0287811	0.14198	0.080306	0.0715624	Ovarian_Cancer
0.0494795	0.101732	0.0803446	0.0535933	0.0321606	0.107641	0.0170008	0.053207	0.0229329	0.0772308	0.0501386	0.0376153	0.0268649	0.137665	0.0783672	0.0740261	Healthy
0.0522534	0.0953668	0.0734077	0.0521959	0.0378823	0.10169	0.0181651	0.0535181	0.0269027	0.0718556	0.0473672	0.0367326	0.0348931	0.141067	0.0792136	0.0774891	Gastric_cancer
0.0501836	0.0926833	0.0849313	0.0565075	0.0301918	0.103971	0.0165919	0.0567115	0.0237318	0.0773834	0.0518156	0.0412077	0.0261118	0.134503	0.0770434	0.0764314	Bile_Duct_Cancer
0.0471105	0.105293	0.0770055	0.0500393	0.0305736	0.110829	0.0160011	0.051968	0.0226445	0.0786842	0.0463247	0.0372527	0.0260376	0.151797	0.0768626	0.0715765	Healthy
0.045687	0.100239	0.0837027	0.061882	0.0279577	0.0995568	0.0158541	0.0610297	0.0221616	0.0704057	0.0519945	0.0475622	0.0267644	0.123935	0.0777361	0.0835322	Lung_Cancer
0.0469473	0.0965396	0.0906987	0.0525678	0.026339	0.0974212	0.0180736	0.0498127	0.0219308	0.0700904	0.0567556	0.0359268	0.0279921	0.146242	0.0860701	0.0765925	Lung_Cancer
0.0438637	0.0947088	0.086671	0.0451957	0.027145	0.106926	0.0188775	0.0554382	0.0232409	0.0811593	0.05553	0.0347694	0.022506	0.148402	0.0842826	0.0712842	Colorectal_Cancer
0.051209	0.0948952	0.0896292	0.0475013	0.0296077	0.099194	0.0172488	0.0535733	0.0227834	0.0744224	0.0550779	0.0350887	0.0297152	0.142988	0.0868888	0.0701773	Healthy
0.0474958	0.0994108	0.0801268	0.0500848	0.0316936	0.113293	0.0174092	0.0561111	0.0233015	0.078118	0.0534774	0.0370056	0.0255334	0.141059	0.0765557	0.0693242	Lung_Cancer
0.0489232	0.0993905	0.0808208	0.0493295	0.0303129	0.100772	0.0167818	0.050833	0.0238521	0.0769606	0.0511987	0.0363267	0.0302722	0.147054	0.0807395	0.0764323	Lung_Cancer
0.0519692	0.0949055	0.0841864	0.0502228	0.0321571	0.103697	0.0158979	0.0549801	0.0258943	0.0723233	0.0509454	0.035168	0.0290257	0.140612	0.0791882	0.0788269	Healthy
0.0464344	0.10119	0.0801932	0.0492369	0.0292748	0.10645	0.0177632	0.0513926	0.0234112	0.0810986	0.0548418	0.0364318	0.0267311	0.145512	0.0772182	0.0728206	Breast_Cancer
0.0399018	0.089494	0.0682277	0.0487591	0.0543717	0.119091	0.0253442	0.0579234	0.0308691	0.0777427	0.0576603	0.0408226	0.0319214	0.12352	0.0760326	0.058318	Lung_Cancer
0.0495096	0.102543	0.0775271	0.0497642	0.0304963	0.104901	0.0158109	0.0524708	0.0228052	0.0765891	0.0489602	0.037169	0.0288348	0.152415	0.0755172	0.0746865	Healthy
0.0487389	0.105469	0.0771664	0.0496129	0.0282194	0.103471	0.0167319	0.0509032	0.023974	0.0779572	0.0464081	0.0381254	0.0282194	0.159078	0.0730459	0.0728794	Healthy
0.0466838	0.103885	0.0761966	0.0508156	0.0321958	0.108231	0.0170637	0.0559669	0.0224297	0.0778064	0.0497424	0.03783	0.0240395	0.149818	0.0729234	0.0743722	Pancreatic_Cancer
0.047361	0.0990221	0.0844722	0.0481268	0.0306904	0.10132	0.0210886	0.0589656	0.025271	0.0734566	0.0552545	0.0414114	0.0263902	0.136016	0.0772267	0.0739279	Lung_Cancer
0.0475139	0.100954	0.079254	0.0502711	0.0317401	0.107788	0.0164334	0.0536238	0.02236	0.0790525	0.0497582	0.0365125	0.0289829	0.147012	0.0765792	0.072164	Healthy
0.0480594	0.0984399	0.0788813	0.0501522	0.029414	0.106963	0.0187595	0.0568874	0.0231355	0.0792237	0.0512557	0.039003	0.0243151	0.14083	0.0800609	0.0746195	Healthy
0.0427832	0.0981893	0.0854113	0.0471288	0.0291774	0.113502	0.0209519	0.0541645	0.0222452	0.0824625	0.054061	0.0363683	0.0245215	0.143766	0.080807	0.0644594	Colorectal_Cancer
0.0478754	0.0921813	0.0832295	0.0505382	0.0324646	0.0997734	0.0196601	0.0505382	0.0233428	0.0772805	0.0584703	0.0363173	0.0272521	0.144589	0.0836261	0.0728612	Healthy
0.0469507	0.0961812	0.0817897	0.0513679	0.0357652	0.104089	0.018595	0.0520091	0.0220861	0.0698917	0.0538615	0.0358364	0.0299943	0.136506	0.0844258	0.0806498	Healthy
0.0469715	0.0998603	0.0738386	0.0466407	0.0344016	0.108939	0.0179359	0.051529	0.0236328	0.0790209	0.0520803	0.0347692	0.0269406	0.151573	0.0779918	0.0738753	Healthy
0.0486625	0.0906036	0.0684904	0.0469821	0.0363624	0.102769	0.017341	0.0510821	0.0250706	0.071515	0.0548461	0.0364296	0.0342116	0.147399	0.089797	0.078438	Gastric_cancer
0.0468921	0.100397	0.0786239	0.0496093	0.0298426	0.109178	0.0171195	0.0549271	0.0225306	0.0804898	0.0522915	0.0368863	0.0261691	0.147895	0.07607	0.0710787	Healthy
0.050108	0.0980566	0.0835133	0.0528388	0.0327067	0.0992633	0.0174012	0.0556332	0.0235615	0.0772895	0.0546806	0.0395656	0.0251492	0.1394	0.0776705	0.0731614	Healthy
0.0457974	0.0983773	0.0751141	0.0515023	0.0316937	0.121038	0.0192064	0.0613273	0.0259888	0.0851293	0.0565416	0.0415505	0.0208545	0.133114	0.0695994	0.0631656	Colorectal_Cancer
0.0486591	0.0944898	0.0846952	0.0506495	0.0303792	0.107427	0.0169705	0.0549969	0.0239367	0.0777813	0.0554159	0.0372931	0.0272365	0.13544900000000001	0.0797193	0.0749005	Pancreatic_Cancer
0.0464226	0.105528	0.0743798	0.0474994	0.0309484	0.109795	0.0155938	0.0524448	0.022294	0.0828348	0.0467416	0.0348169	0.0267608	0.154383	0.0739411	0.0756162	Healthy
0.0453152	0.0992875	0.0725706	0.0599785	0.032226	0.122608	0.0175213	0.0684699	0.0244387	0.0829674	0.0495402	0.0446939	0.0215392	0.126502	0.0622566	0.0700853	Lung_Cancer
0.0504593	0.0967661	0.0814773	0.0546747	0.0289417	0.105574	0.0157921	0.0542343	0.0217063	0.0744935	0.050648	0.0397005	0.0304517	0.141122	0.075626	0.0783314	Healthy
0.0251665	0.062793	0.0505798	0.0317666	0.093696	0.124661	0.042191	0.0388601	0.0431779	0.056563	0.0869109	0.0262768	0.0532322	0.104367	0.119911	0.039847	Gastric_cancer
0.0521425	0.0951334	0.0804484	0.0493757	0.0346907	0.0942821	0.0190834	0.0531356	0.0253973	0.0673241	0.0534194	0.034265	0.0326334	0.143516	0.0855562	0.079597	Healthy
0.0506205	0.097985	0.0722447	0.0512962	0.0360609	0.10892	0.0170168	0.0551665	0.0224229	0.0743335	0.0495147	0.0383954	0.0318221	0.150448	0.072429	0.0713233	Breast_Cancer
0.0480891	0.0993444	0.0826939	0.0479401	0.0324071	0.107279	0.0169113	0.0536765	0.0239887	0.0766595	0.0531923	0.0352008	0.0268941	0.148365	0.0763987	0.0709603	Healthy
0.0480195	0.090728	0.088736400000000007	0.0508962	0.0277716	0.0982518	0.0191414	0.053773	0.0223501	0.0771188	0.0601903	0.0402744	0.0250055	0.134211	0.0868555	0.0766763	Lung_Cancer
0.0375976	0.0956156	0.0523123	0.0566967	0.0378979	0.115736	0.0209009	0.0563964	0.0239039	0.0756156	0.0479279	0.0393393	0.0272673	0.154474	0.0755556	0.0827628	Gastric_cancer
0.0450134	0.0999897	0.0817159	0.0482655	0.0329341	0.102003	0.0187384	0.0511563	0.0223002	0.0751084	0.0506401	0.034586	0.0293207	0.154605	0.0808383	0.0727855	Healthy
0.0424693	0.103773	0.0765915	0.0509998	0.0271816	0.113129	0.0177949	0.0556473	0.0226258	0.0819422	0.0499297	0.0379441	0.02657	0.149055	0.0716077	0.0727389	Gastric_cancer
0.050422	0.10058	0.0836997	0.0483559	0.0290135	0.105504	0.0163531	0.0527079	0.0222437	0.075611	0.049323	0.0364428	0.0276947	0.149288	0.0790399	0.0737208	Breast_Cancer
0.0526682	0.0949096	0.076302	0.050262	0.033205	0.104534	0.0201048	0.053791	0.028767	0.0795637	0.0552882	0.0397818	0.0283927	0.134638	0.0796172	0.0681745	Bile_Duct_Cancer
0.0476932	0.0952891	0.0775745	0.0532412	0.0326066	0.104633	0.0182013	0.0583998	0.0215106	0.0812731	0.0520732	0.0392252	0.0267666	0.136753	0.0815651	0.0731945	Lung_Cancer
0.041373	0.0929615	0.0832567	0.0458167	0.0322811	0.116457	0.0215037	0.0628767	0.0233936	0.0819798	0.0577689	0.03744	0.0238533	0.131883	0.0782	0.0689549	Colorectal_Cancer
0.0482562	0.102037	0.0883115	0.0457528	0.0248187	0.102339	0.0167904	0.0466592	0.0208046	0.0761395	0.0514071	0.0343577	0.0287465	0.156854	0.0828729	0.0738519	Ovarian_Cancer
