AA	AC	AG	AT	CA	CC	CG	CT	GA	GC	GG	GT	TA	TC	TG	TT	cancer
0.064758	0.04852	0.0750189	0.0428843	0.0698958	0.0891251	0.0370219	0.0742955	0.0606894	0.0721648	0.0888598	0.0479201	0.0358641	0.0605408	0.068704	0.0637374	background
0.049328	0.0908384	0.0780836	0.0504709	0.0294871	0.107205	0.0153607	0.0524367	0.0222639	0.0787236	0.0545396	0.0344244	0.0311786	0.147618	0.0857639	0.0722776	Bile_Duct_Cancer
0.0476478	0.0958399	0.0821139	0.048313	0.0314427	0.10491	0.0180796	0.0524852	0.022796	0.0708671	0.0541178	0.034587	0.0331358	0.149776	0.0816907	0.0721974	Healthy
0.0511744	0.0982926	0.0802754	0.0486275	0.0317423	0.110178	0.0167909	0.052495	0.0259881	0.0788605	0.0507499	0.0373078	0.0274502	0.145788	0.0720687	0.0722102	Pancreatic_Cancer
0.0337416	0.0634744	0.0545657	0.0412027	0.0791759	0.117929	0.0282851	0.0538976	0.0408686	0.0675947	0.0651448	0.0324053	0.0526726	0.125278	0.0832962	0.0604677	Breast_Cancer
0.0517595	0.0939883	0.084262	0.0489736	0.0327957	0.1	0.0195992	0.0527859	0.020088	0.0741935	0.0501466	0.0372434	0.0282991	0.14868	0.0811339	0.0760508	Healthy
0.0470925	0.0971686	0.0806131	0.0539956	0.031239	0.105534	0.0173745	0.0568621	0.022815	0.0741196	0.0510706	0.0365625	0.0294255	0.13847	0.0720136	0.0856441	Healthy
0.0334999	0.0732926	0.0539515	0.0400703	0.0793078	0.121599	0.0254488	0.059504	0.0423839	0.068573	0.0648714	0.0323894	0.0459004	0.119193	0.0829169	0.0570979	Breast_Cancer
0.0466685	0.0874174	0.0710352	0.0488023	0.0491465	0.116327	0.0223018	0.0515556	0.0285655	0.0705534	0.0530699	0.0332461	0.0392346	0.134912	0.0759224	0.0712417	Breast_Cancer
0.0428212	0.0993025	0.070529	0.0553187	0.0322127	0.114852	0.0181651	0.0613738	0.0234451	0.0805561	0.0576439	0.041368	0.0246561	0.135487	0.0677194	0.0745495	Breast_Cancer
0.0475735	0.101572	0.0801777	0.0494874	0.0318524	0.105537	0.0157895	0.0496241	0.0237867	0.0733424	0.0509911	0.0361586	0.030622	0.143199	0.0828435	0.0774436	Healthy
0.0519446	0.0982419	0.0824188	0.050666	0.0332445	0.105754	0.0173681	0.0528503	0.0241875	0.0751731	0.0501332	0.0362813	0.0314331	0.142248	0.0758125	0.0722429	Healthy
0.0426418	0.0968159	0.0687444	0.0451733	0.0470297	0.113636	0.0236274	0.0587309	0.0279028	0.0743699	0.0527678	0.0367912	0.0307718	0.137939	0.0746512	0.0684068	Breast_Cancer
0.0407574	0.093567	0.0710973	0.0455859	0.0434188	0.116113	0.0199605	0.0562695	0.0276785	0.0803361	0.0557752	0.0377918	0.0303019	0.140902	0.0742149	0.0662307	Breast_Cancer
0.047551	0.0976451	0.0838501	0.0458789	0.0327458	0.108444	0.0186721	0.0559813	0.0245245	0.078346	0.0531596	0.0369261	0.0256741	0.140528	0.0810632	0.06901	Healthy
0.0476849	0.0974912	0.0744328	0.0509131	0.0333887	0.103394	0.0199225	0.0555248	0.0204759	0.0735104	0.0551559	0.0389227	0.0277624	0.140841	0.0795979	0.0809814	Healthy
0.0466037	0.100772	0.0726977	0.0496497	0.034572	0.117575	0.0171591	0.0524926	0.0233526	0.0766068	0.050665	0.035232	0.02914	0.147528	0.0752868	0.0706671	Lung_Cancer
0.0497323	0.10261	0.0774431	0.0546854	0.0291165	0.100402	0.015261	0.0546185	0.0210843	0.0725569	0.0463186	0.0390897	0.0303213	0.152477	0.0708835	0.0834003	Breast_Cancer
0.0520089	0.0920631	0.0799852	0.0544737	0.0372812	0.0971777	0.0193493	0.0555829	0.0258812	0.0700641	0.0525635	0.0354326	0.0305645	0.132918	0.0870101	0.0776436	Healthy
0.0478879	0.0960929	0.0826462	0.048205	0.0338704	0.102562	0.0196626	0.0561335	0.0244831	0.0742738	0.0557529	0.0352658	0.0260688	0.146581	0.0813776	0.0691361	Colorectal_Cancer
0.046806	0.101459	0.0716483	0.0542981	0.0327681	0.117823	0.017153	0.0591088	0.0253549	0.0780757	0.0480284	0.0392744	0.0267744	0.134503	0.0722003	0.074724	Pancreatic_Cancer
0.0453214	0.0993146	0.0793125	0.0462249	0.0324644	0.11482	0.0190778	0.0494652	0.0240939	0.0803199	0.0543255	0.0341988	0.0279468	0.147897	0.077277	0.0679406	Healthy
0.0527569	0.0966165	0.0884085	0.0498747	0.0286967	0.100501	0.0185464	0.0525689	0.0223058	0.0721178	0.0529449	0.0340852	0.0278195	0.151378	0.0764411	0.0749373	Healthy
0.0483223	0.0977194	0.0860361	0.0541172	0.0312646	0.104542	0.0185999	0.0573418	0.0224787	0.076409	0.0545378	0.0372465	0.0266847	0.133003	0.0765025	0.0751939	Ovarian_Cancer
0.0537652	0.0956596	0.0791385	0.0569471	0.0320225	0.10802	0.0152566	0.0567023	0.0237007	0.0774659	0.0479726	0.0398548	0.0264747	0.140654	0.0711022	0.0752631	Ovarian_Cancer
0.0489368	0.0894247	0.0749478	0.0552971	0.0353142	0.110974	0.0196507	0.0642681	0.0291912	0.0789349	0.0517847	0.0462787	0.0284317	0.121749	0.0713879	0.0734289	Colorectal_Cancer
0.0478616	0.0983962	0.0787097	0.0465612	0.032582	0.110605	0.017483	0.0537495	0.0232987	0.0793599	0.0498844	0.0376029	0.0267664	0.151893	0.0760006	0.0692458	Healthy
0.0480733	0.104151	0.0741344	0.0521221	0.0309475	0.113505	0.0162416	0.0533321	0.0224311	0.0783693	0.0454207	0.034624	0.0270849	0.156273	0.0685499	0.0747394	Pancreatic_Cancer
0.0449175	0.0952158	0.0782548	0.0558545	0.0331033	0.100187	0.0197684	0.058077	0.02357	0.0736928	0.0518774	0.0370804	0.0271377	0.142239	0.0832846	0.0757399	Healthy
0.0523988	0.101495	0.0732087	0.0567601	0.032648	0.101869	0.0155763	0.0544548	0.0234268	0.0729595	0.0475389	0.0380685	0.0314019	0.148037	0.074704	0.0754517	Healthy
0.0478089	0.0985365	0.0795856	0.053523	0.0283647	0.108526	0.0181699	0.0540163	0.0218696	0.0802434	0.0507687	0.0369563	0.0267204	0.140714	0.0771191	0.077078	Healthy
0.0339756	0.0704025	0.0535857	0.03808	0.0804355	0.129404	0.0356858	0.0536997	0.0392772	0.0673811	0.0709155	0.0254247	0.0438947	0.119314	0.0895565	0.0489682	Breast_Cancer
0.0452657	0.090972	0.0839839	0.0499874	0.0330521	0.109104	0.0198942	0.0547721	0.0214681	0.0758625	0.0537018	0.0367036	0.0258751	0.141715	0.0827248	0.0749182	Healthy
0.0487814	0.0978872	0.0799683	0.051197	0.0310787	0.108307	0.0174863	0.0516297	0.0238679	0.0735506	0.0502596	0.0349365	0.0285549	0.15132	0.0775166	0.0736588	Healthy
0.0537554	0.0925981	0.0712446	0.0537059	0.0349782	0.10652	0.0187277	0.057174	0.0222949	0.0719877	0.0484047	0.0404281	0.0292806	0.140557	0.0764467	0.0818966	Lung_Cancer
0.0482615	0.0989395	0.079071	0.0568533	0.031078	0.110082	0.0147	0.0547725	0.0224191	0.0682642	0.0527588	0.0378574	0.025641	0.142368	0.0807491	0.0761847	Bile_Duct_Cancer
0.0490323	0.0997758	0.0800094	0.0538707	0.0303281	0.10308	0.0172292	0.058591	0.0247817	0.0784163	0.0514515	0.0388836	0.0267878	0.143262	0.0726929	0.0718079	Healthy
0.0456449	0.0999754	0.0824196	0.0521744	0.0325243	0.107798	0.0174325	0.0552544	0.0226685	0.0720094	0.0535296	0.0361587	0.0250092	0.141	0.081742	0.0746581	Healthy
0.0459866	0.0939939	0.0820792	0.0540691	0.0315635	0.106884	0.0158863	0.0551839	0.0224359	0.0751115	0.0510033	0.0363016	0.0284281	0.142349	0.0785256	0.0801979	Healthy
0.0471976	0.0937919	0.0819254	0.0568517	0.0321802	0.101234	0.0189059	0.0570528	0.0241352	0.0723384	0.0512872	0.041365	0.0283588	0.135291	0.0799812	0.078104	Healthy
0.0437008	0.0981627	0.0744094	0.0515092	0.0343504	0.114108	0.0165354	0.0554134	0.0238517	0.0780512	0.0521982	0.0361549	0.0277559	0.146588	0.0762467	0.0709646	Breast_Cancer
0.0435663	0.0989185	0.0866057	0.0495563	0.0330837	0.112368	0.019218	0.0509706	0.0237105	0.0765114	0.0591791	0.0369107	0.0273433	0.134859	0.0838602	0.0633389	Pancreatic_Cancer
0.0524476	0.1	0.081993	0.051486	0.0267483	0.098514	0.018007	0.0523601	0.022465	0.0685315	0.0454545	0.0358392	0.0311189	0.151136	0.0773601	0.0865385	Healthy
0.0498736	0.0931641	0.0874236	0.0509796	0.0317042	0.103328	0.0200653	0.0559301	0.0223826	0.0711502	0.0504529	0.037076	0.0301243	0.136455	0.0846851	0.0752054	Ovarian_Cancer
0.0475293	0.0922567	0.0801834	0.0496689	0.0342333	0.106928	0.0192562	0.0578706	0.02216	0.0785023	0.0520632	0.036271	0.0260316	0.143658	0.0762608	0.0771268	Healthy
0.0594994	0.101606	0.0720919	0.051944	0.0343932	0.106092	0.0162128	0.0460412	0.027546	0.0768141	0.0485597	0.0354163	0.0336062	0.148513	0.0706753	0.0709901	Bile_Duct_Cancer
0.0461767	0.100297	0.0728155	0.0514724	0.0343015	0.119795	0.0176121	0.0565674	0.024994	0.079716	0.0526358	0.0367087	0.0285244	0.138731	0.0710102	0.0686432	Breast_Cancer
0.0497807	0.0993837	0.0751452	0.0511438	0.0341946	0.103058	0.0184307	0.0567145	0.0247126	0.0725376	0.0495437	0.0380467	0.0296906	0.142349	0.077812	0.0774564	Lung_Cancer
0.0504741	0.102451	0.0757401	0.0591466	0.0361355	0.109621	0.0150902	0.063772	0.0269426	0.0788043	0.0484505	0.0415703	0.0269426	0.124595	0.0679348	0.0723289	Bile_Duct_Cancer
0.0513653	0.0945785	0.0837089	0.0507025	0.0338017	0.0970308	0.0176962	0.0568001	0.0239263	0.0719777	0.0520281	0.0388388	0.0321448	0.135737	0.0813229	0.0783404	Healthy
0.0490831	0.09702	0.0774676	0.0539374	0.0310814	0.102009	0.0161812	0.0520496	0.0213053	0.0722087	0.0471278	0.0365426	0.0330367	0.152913	0.0739617	0.084075	Healthy
0.0474197	0.0927752	0.0866399	0.0473624	0.0351491	0.105734	0.018406	0.0515482	0.0232225	0.0737385	0.0520642	0.0340596	0.0293005	0.149885	0.0784404	0.0742546	Healthy
0.0488516	0.105541	0.0756015	0.051358	0.027479	0.115886	0.0156763	0.0512669	0.0234688	0.0823915	0.0491706	0.037459	0.0244258	0.153573	0.0673988	0.0704521	Pancreatic_Cancer
0.0513913	0.0980822	0.0752695	0.0577212	0.0324016	0.104725	0.0139133	0.0533342	0.0238782	0.0733266	0.0456881	0.040173	0.0295813	0.146403	0.0744548	0.0796566	Pancreatic_Cancer
0.0507147	0.0962264	0.076215	0.0531732	0.0314465	0.105546	0.0178959	0.0554603	0.0225843	0.073928	0.0481418	0.0350486	0.030303	0.143854	0.0789022	0.0805603	Healthy
0.0475644	0.100209	0.0789298	0.0486284	0.0300615	0.110848	0.0165015	0.0520497	0.0227183	0.0788881	0.0504642	0.0351622	0.0266507	0.152905	0.0773965	0.0710233	Healthy
0.0504192	0.0993851	0.0822247	0.0514813	0.0319732	0.103018	0.0181107	0.0519843	0.024986	0.0754053	0.0497485	0.036389	0.0290106	0.14019	0.0806596	0.075014	Healthy
0.0472747	0.102614	0.0836346	0.0542269	0.0307286	0.102058	0.0159205	0.0529755	0.0234983	0.069035	0.0474138	0.0357341	0.0286429	0.144118	0.0825918	0.0795328	Healthy
0.0494025	0.097377	0.0808474	0.0553158	0.0319727	0.107636	0.0159243	0.0572404	0.0225361	0.0767344	0.0505355	0.0391588	0.0264473	0.137529	0.076393	0.0749496	Healthy
0.0418167	0.0879996	0.0688243	0.0441574	0.0502341	0.112982	0.0239017	0.0590115	0.0315538	0.0771966	0.0587865	0.0338495	0.0325891	0.134948	0.0777818	0.064368	Lung_Cancer
0.0468308	0.097747	0.0778658	0.0503818	0.0324042	0.110114	0.0173431	0.0526861	0.0234098	0.0751609	0.0501481	0.0361333	0.0292985	0.148518	0.0785003	0.0734577	Healthy
0.043062	0.0967711	0.0644825	0.0544673	0.0369329	0.128839	0.0153229	0.0666625	0.0333628	0.0871351	0.0525401	0.0462846	0.0239795	0.121856	0.0594907	0.0688108	Breast_Cancer
0.0501382	0.100151	0.0818673	0.0483162	0.0330485	0.103355	0.0157075	0.0511435	0.0222418	0.0735109	0.0486303	0.0378236	0.0304725	0.149472	0.0794169	0.0747047	Healthy
0.0474385	0.104393	0.0777762	0.0555953	0.031411	0.103892	0.0151689	0.054522	0.0254007	0.0763452	0.0492988	0.0383515	0.0281912	0.137593	0.0763452	0.078277	Healthy
0.0502263	0.0957611	0.0821283	0.0517717	0.0347169	0.103047	0.0183795	0.0512198	0.0248924	0.0744563	0.0504471	0.0366486	0.0277624	0.144773	0.0788718	0.0748979	Healthy
0.0500295	0.0977555	0.0845245	0.0481985	0.0347312	0.101831	0.0187242	0.0510927	0.0222682	0.0707029	0.0502658	0.0356172	0.0330183	0.14808	0.0795038	0.0736562	Healthy
0.0492247	0.0963011	0.0829325	0.051268	0.0298314	0.105198	0.0179339	0.0528792	0.0231062	0.0752265	0.0524122	0.0365216	0.0276013	0.14416	0.079278	0.0761255	Healthy
0.0468655	0.094403	0.0777832	0.051998	0.0309789	0.111084	0.0152756	0.0538922	0.0228523	0.0797385	0.0503483	0.0386166	0.0276182	0.14689	0.0766834	0.0749725	Pancreatic_Cancer
0.0450624	0.0974012	0.0819127	0.0495842	0.0294179	0.109148	0.0192827	0.0574844	0.0216736	0.0778586	0.0560811	0.0388254	0.0254158	0.137214	0.0779106	0.0757277	Colorectal_Cancer
0.0499243	0.0975768	0.0795651	0.0534401	0.0322912	0.110991	0.0180117	0.053981	0.0242319	0.0785915	0.05463	0.0411077	0.0255301	0.131761	0.075833	0.0725335	Lung_Cancer
0.0475625	0.104978	0.0686926	0.0574945	0.035019	0.118669	0.0158278	0.0569009	0.0245726	0.077754	0.0458215	0.0404004	0.0265116	0.138097	0.0679012	0.0737971	Pancreatic_Cancer
0.0497241	0.0986958	0.0798846	0.0530474	0.0336092	0.107223	0.0185603	0.0593178	0.0233885	0.0706672	0.0505393	0.0391272	0.0258967	0.140645	0.0756208	0.0740532	Healthy
0.0469538	0.107446	0.0608	0.0566769	0.0335385	0.111569	0.0140923	0.0534769	0.0224	0.0776615	0.0484923	0.0371692	0.0307077	0.140062	0.0812923	0.0776615	Gastric_cancer
0.0484033	0.0980639	0.0762509	0.0534322	0.0328137	0.102087	0.0169097	0.0568896	0.0252703	0.0772567	0.0496605	0.0378426	0.0320593	0.141061	0.0758109	0.0761881	Pancreatic_Cancer
0.0516629	0.0949817	0.0817256	0.0509528	0.0316014	0.10664	0.0179903	0.0543851	0.0229021	0.0703634	0.0514262	0.0375784	0.0301811	0.143035	0.0769322	0.0776423	Healthy
0.0499474	0.102632	0.0781579	0.0535789	0.0299474	0.104947	0.0159474	0.0551579	0.0243684	0.0803684	0.0511053	0.0375263	0.0278947	0.142263	0.0746842	0.0714737	Pancreatic_Cancer
0.0480769	0.0980253	0.0812468	0.0528523	0.0338152	0.106221	0.0172303	0.0489158	0.0239417	0.0736319	0.0499484	0.0340733	0.0307821	0.151458	0.0760196	0.073761	Healthy
0.0512322	0.0979711	0.088753	0.0501668	0.0303409	0.104178	0.0162127	0.0498425	0.0211692	0.0724477	0.0497499	0.0358533	0.0284417	0.147953	0.0828701	0.0728182	Breast_Cancer
0.051872	0.0942794	0.0819389	0.0503556	0.0308513	0.101025	0.0193474	0.056369	0.025936	0.0729973	0.0541728	0.0368647	0.0299101	0.13836	0.0816252	0.0740954	Healthy
0.0478082	0.103744	0.0874429	0.0498174	0.0274429	0.101507	0.0147489	0.050411	0.0223288	0.0782192	0.0488128	0.0356621	0.0292694	0.151324	0.0783562	0.073105	Breast_Cancer
0.0499852	0.0973032	0.0793737	0.0542823	0.0327966	0.103774	0.0180283	0.0609503	0.0217327	0.0762126	0.0498864	0.0387237	0.0262768	0.136027	0.0768053	0.0778425	Gastric_cancer
0.0459926	0.0985216	0.0837136	0.0484645	0.0311846	0.108029	0.0189199	0.0505087	0.0223427	0.076583	0.0559042	0.0364138	0.0269538	0.14247	0.0822637	0.0717342	Healthy
0.0460775	0.101149	0.0755586	0.0497894	0.0314084	0.112356	0.0175244	0.0515383	0.0229852	0.0801984	0.0504676	0.0348347	0.0269113	0.15308	0.0771647	0.0689557	Healthy
0.0461095	0.101188	0.0778392	0.0491678	0.0300241	0.111039	0.0172617	0.052079	0.0218785	0.0775451	0.0523437	0.0356408	0.0260248	0.153267	0.0784273	0.0701641	Healthy
0.0525444	0.092848	0.0836541	0.0542014	0.0335151	0.101561	0.0169446	0.0512615	0.0241608	0.0701304	0.0519029	0.0341565	0.0291854	0.145392	0.0815694	0.0769724	Healthy
0.0491033	0.106391	0.0715912	0.0512383	0.0340877	0.116994	0.0146598	0.0549388	0.0232707	0.0772132	0.0414888	0.0350128	0.029889	0.154355	0.0695986	0.0701679	Gastric_cancer
0.0457356	0.0925999	0.0766022	0.0512808	0.0379821	0.10791	0.0191874	0.0519678	0.0276769	0.0739032	0.0553047	0.03651	0.0291982	0.134017	0.0876926	0.0724311	Gastric_cancer
0.0457959	0.095574	0.0778814	0.0500057	0.0341905	0.108659	0.019001	0.0547275	0.0242348	0.0807828	0.0512004	0.0366936	0.0285584	0.144101	0.0781659	0.0704289	Healthy
0.048398	0.0980075	0.0816505	0.0512251	0.0337911	0.10144	0.0179725	0.0515617	0.0224825	0.0711497	0.0493403	0.0337911	0.0317717	0.150983	0.0805735	0.0758616	Healthy
0.0500175	0.0989286	0.0743566	0.0525213	0.0329568	0.104344	0.016129	0.0552579	0.0247467	0.0762199	0.0494934	0.0406428	0.0315593	0.147199	0.0721439	0.0734832	Healthy
0.0480169	0.0989952	0.0809096	0.0525648	0.0303014	0.106187	0.019302	0.0549445	0.0239027	0.0826018	0.0519302	0.0363829	0.026018	0.140349	0.0750397	0.0725542	Ovarian_Cancer
0.039648	0.083288	0.0631464	0.0422791	0.062965	0.117946	0.0269461	0.0421884	0.0326619	0.0683179	0.064961	0.0288514	0.0432771	0.133642	0.0905462	0.0593359	Gastric_cancer
0.0464078	0.0986963	0.084526	0.0481791	0.0335837	0.103018	0.0179963	0.0536347	0.0199802	0.0760238	0.0490293	0.0371263	0.0265694	0.147017	0.0803458	0.0778659	Healthy
0.0486084	0.100819	0.0770548	0.0505352	0.0301406	0.112715	0.0159266	0.055087	0.0225915	0.08035	0.049018	0.0368891	0.0265568	0.147268	0.0741785	0.072261	Healthy
0.04765	0.0971756	0.0787996	0.0481403	0.0322774	0.109373	0.0175669	0.051205	0.0230956	0.0773776	0.0512173	0.033773	0.0287101	0.152647	0.0788487	0.0721431	Healthy
0.049484	0.0927479	0.0822429	0.0516955	0.0337726	0.104405	0.0183376	0.0562108	0.0227608	0.0702635	0.0552433	0.0340951	0.0310081	0.1426	0.0847309	0.0704018	Colorectal_Cancer
0.047583	0.0949497	0.0877041	0.0466638	0.0326052	0.109711	0.0194117	0.055099	0.0251974	0.0777009	0.0553152	0.0327133	0.0278469	0.143398	0.0797015	0.0643993	Colorectal_Cancer
0.0479346	0.101566	0.0764163	0.0493684	0.0297605	0.120553	0.0168565	0.0543285	0.0225141	0.0846702	0.0498334	0.0377432	0.0242192	0.145586	0.07196	0.0666899	Breast_Cancer
0.0494917	0.100268	0.0802568	0.0517389	0.0282504	0.106902	0.0150883	0.0486891	0.0218834	0.0766185	0.047191	0.0355805	0.0275013	0.160995	0.0731942	0.076351	Breast_Cancer
0.0486764	0.105065	0.0791402	0.0519033	0.0304091	0.104189	0.0181033	0.0550755	0.0223693	0.0768431	0.0479107	0.0367534	0.0281667	0.143131	0.0774448	0.0748195	Ovarian_Cancer
0.050286	0.0987914	0.0823352	0.0488292	0.032319	0.114762	0.0177512	0.0519586	0.0220136	0.0736484	0.0488831	0.0356102	0.0269774	0.143628	0.0802309	0.0719758	Pancreatic_Cancer
0.0500711	0.0940256	0.0809862	0.0569464	0.032385	0.108819	0.018018	0.0627786	0.0240872	0.0746325	0.0539592	0.0406828	0.0236605	0.128497	0.0738265	0.076624	Bile_Duct_Cancer
0.0484801	0.0961691	0.0750932	0.054978	0.0339021	0.101876	0.0185897	0.0598938	0.0215844	0.0738502	0.0500057	0.039722	0.0265002	0.140863	0.078879	0.0796135	Lung_Cancer
0.0484439	0.101751	0.0804928	0.0534457	0.0325584	0.10189	0.0167655	0.0541404	0.0230641	0.0793349	0.0483976	0.0353835	0.0283901	0.144127	0.0772045	0.074611	Healthy
0.0441997	0.0995094	0.0780589	0.0517507	0.0315506	0.115429	0.0174586	0.0550693	0.022701	0.0789727	0.0495864	0.0372259	0.0257311	0.14496	0.0749808	0.0728165	Healthy
0.0437321	0.100164	0.07613	0.0522327	0.0328759	0.124505	0.0189813	0.0561245	0.0224635	0.0887956	0.0527106	0.0396695	0.0221904	0.13024	0.0720333	0.0671514	Colorectal_Cancer
0.0434112	0.102578	0.0813134	0.0540987	0.0275452	0.108748	0.019502	0.0565227	0.0240194	0.0753636	0.053658	0.037792	0.0244601	0.139048	0.0769061	0.0750331	Lung_Cancer
0.0486219	0.0900503	0.0783498	0.0546022	0.0344947	0.105044	0.0194141	0.0614491	0.0255677	0.0771364	0.0563356	0.0381349	0.0272144	0.130005	0.0771364	0.0764431	Healthy
0.0503866	0.100399	0.0809429	0.0495136	0.031554	0.105637	0.0174607	0.0501372	0.0254428	0.0762035	0.0541282	0.037228700000000003	0.028436	0.142866	0.0749563	0.0747069	Healthy
0.0482918	0.0896695	0.093073	0.0429617	0.0352984	0.109877	0.0227759	0.0511816	0.0250878	0.0734438	0.061734700000000003	0.0344422	0.0268216	0.131454	0.090226	0.0636613	Bile_Duct_Cancer
0.0470151	0.101802	0.072716	0.0525939	0.0300877	0.111911	0.0175949	0.0598417	0.0236029	0.0795346	0.0493515	0.041913	0.0246519	0.14157	0.0705703	0.0752432	Pancreatic_Cancer
0.0435735	0.0999865	0.0738694	0.0520995	0.0312732	0.109523	0.0174901	0.0583002	0.0230505	0.0790928	0.0488643	0.0377435	0.0257127	0.150502	0.0723866	0.0765316	Healthy
0.0541693	0.0942947	0.0850157	0.0541693	0.0292163	0.100313	0.019185	0.0547962	0.0240125	0.0694044	0.0481505	0.0380564	0.030094	0.141693	0.0801881	0.0772414	Breast_Cancer
0.0418245	0.0916128	0.079305	0.0472822	0.0324683	0.111718	0.0210515	0.059423	0.0230007	0.0804745	0.0639898	0.0407106	0.0255625	0.131321	0.0791936	0.0710626	Colorectal_Cancer
0.0456625	0.0992508	0.0821372	0.0533912	0.0324527	0.108399	0.018612	0.0552839	0.0216877	0.0766956	0.0503943	0.0397871	0.026183	0.141128	0.0770505	0.0718849	Healthy
0.0490999	0.0966828	0.0841424	0.0524373	0.0308455	0.105633	0.0176477	0.0503641	0.0255866	0.0749393	0.0532464	0.0358515	0.0290251	0.143457	0.079844300000000007	0.0711974	Ovarian_Cancer
0.0483467	0.0941062	0.0856173	0.0487913	0.030156	0.104657	0.0168971	0.0508529	0.0215862	0.076239	0.0523486	0.0364621	0.0263966	0.152114	0.0776134	0.0778155	Breast_Cancer
0.0482283	0.0926837	0.0798885	0.0544619	0.0316601	0.104987	0.0205052	0.0526575	0.0219816	0.0790682	0.0582349	0.0396982	0.0305118	0.126804	0.0789042	0.0797244	Lung_Cancer
0.0515916	0.0967568	0.0793994	0.0533934	0.032732700000000003	0.104264	0.017958	0.0574174	0.0240841	0.0712913	0.0498498	0.04	0.0286486	0.137057	0.0805405	0.075015	Healthy
0.0460132	0.0994499	0.0795892	0.0496763	0.0317261	0.111315	0.0170131	0.0551404	0.0240593	0.0790415	0.0516843	0.0358151	0.0252032	0.146863	0.0772648	0.0701455	Healthy
0.0502604	0.0959792	0.0784789	0.0531065	0.031549	0.106395	0.0194986	0.0555286	0.0233136	0.0755117	0.0518348	0.0354245	0.0255541	0.141395	0.0802955	0.075875	Healthy
0.0488274	0.0975965	0.080154	0.052386	0.0343601	0.101913	0.0161591	0.0588613	0.0251429	0.0709369	0.0526776	0.0376269	0.027068	0.136448	0.0823708	0.0774705	Healthy
0.0483371	0.102869	0.0718944	0.0582002	0.0322791	0.101973	0.0171992	0.0566515	0.0230681	0.0743397	0.0480111	0.0390447	0.0307304	0.145582	0.0700196	0.0798011	Breast_Cancer
0.0466602	0.100033	0.0790416	0.0559352	0.0318526	0.110365	0.0168009	0.0572777	0.0213571	0.0780653	0.0509723	0.0408429	0.0269303	0.142055	0.0721666	0.0696445	Ovarian_Cancer
0.0416941	0.0866404	0.0798071	0.0517065	0.0335453	0.108675	0.0238252	0.0719141	0.0250311	0.0788204	0.0623767	0.0435577	0.024409899999999998	0.122049	0.0749836	0.070964	Colorectal_Cancer
0.0464666	0.0978426	0.0884387	0.044081	0.0295257	0.10538	0.0193957	0.0517218	0.0231642	0.078689	0.0555594	0.0330521	0.02593	0.14624500000000001	0.0848085	0.0696999	Healthy
0.0501095	0.0960888	0.0711584	0.0566779	0.0342854	0.112709	0.0163217	0.0594646	0.0261246	0.0795681	0.0478702	0.0370223	0.0287122	0.137739	0.0732982	0.0728503	Breast_Cancer
0.0464528	0.101968	0.0805372	0.0474733	0.02739	0.111274	0.0173892	0.0542085	0.0224508	0.0814352	0.0496775	0.0351457	0.0253082	0.15038	0.0767001	0.07221	Healthy
0.0505891	0.0971175	0.08209	0.0535269	0.0309779	0.106316	0.0159658	0.0524964	0.0228874	0.0750915	0.051635	0.0361307	0.02864	0.145261	0.0781985	0.0730766	Healthy
0.0501529	0.0984709	0.0796636	0.0520387	0.030581	0.10632	0.0153415	0.0570336	0.0235474	0.0792559	0.0512742	0.0366972	0.0297655	0.13945	0.0754332	0.0749745	Breast_Cancer
0.0485522	0.0926787	0.0831708	0.0496399	0.0321994	0.104512	0.0200285	0.0547221	0.0232353	0.071225	0.0551534	0.0363439	0.028805	0.142769	0.0835646	0.0734003	Healthy
0.0482177	0.097748	0.0794418	0.0540895	0.0296353	0.098646	0.0163028	0.0565764	0.0222437	0.0754352	0.0483559	0.037234	0.0308096	0.151147	0.0761951	0.0779221	Pancreatic_Cancer
0.0472973	0.0975475	0.0738739	0.0529029	0.0314815	0.103904	0.0164665	0.0557558	0.0242743	0.0755255	0.0538539	0.0372873	0.0291792	0.14995	0.0760761	0.0746246	Healthy
0.047948	0.0946355	0.088434	0.0492084	0.0298477	0.107795	0.0175456	0.0539982	0.0218312	0.0746193	0.0580317	0.035545	0.0251084	0.139256	0.0884844	0.067712	Pancreatic_Cancer
0.0474188	0.0978743	0.0790703	0.0546601	0.0321965	0.108775	0.0183368	0.0596045	0.024488	0.0734641	0.0505334	0.0391264	0.0277583	0.134509	0.0781359	0.0740481	Healthy
0.0534928	0.0972263	0.0783681	0.0538597	0.0296448	0.103317	0.0165835	0.0537129	0.0224538	0.0697094	0.0507778	0.0342677	0.0273701	0.147344	0.0802025	0.0816701	Healthy
0.0467006	0.0973576	0.0796241	0.0525646	0.032429	0.106048	0.0182281	0.0590646	0.0246573	0.072559	0.0520701	0.0412604	0.0264943	0.138618	0.0726296	0.0796948	Healthy
0.0512821	0.0985155	0.0793154	0.0553306	0.0327567	0.107471	0.0152742	0.0502392	0.0233714	0.0756349	0.0504846	0.0382775	0.0274813	0.14397	0.0763097	0.0742854	Lung_Cancer
0.046532	0.0998997	0.0758184	0.0492914	0.0348677	0.102784	0.0181237	0.053932	0.0246457	0.073937	0.0528032	0.0345541	0.0316694	0.143735	0.0824031	0.0750031	Lung_Cancer
0.0499841	0.0955181	0.0861411	0.0553878	0.0309917	0.0988557	0.0162111	0.0521297	0.0259059	0.0739828	0.0495868	0.0371901	0.0295613	0.139383	0.0768436	0.0823268	Healthy
0.051388	0.0967721	0.0821175	0.0550678	0.0335055	0.0963848	0.0171078	0.0584893	0.0231117	0.0697224	0.0522272	0.0372498	0.0310523	0.143254	0.079277	0.0732731	Healthy
0.0457417	0.100778	0.0813388	0.0544891	0.0324383	0.10667	0.0159762	0.0549143	0.0247844	0.0731989	0.0550966	0.0360224	0.0292188	0.132912	0.0825538	0.0738671	Pancreatic_Cancer
0.0452424	0.0994165	0.0833034	0.0551616	0.0309695	0.109785	0.0169659	0.0613106	0.0219479	0.0760323	0.048833	0.0389587	0.0235189	0.136086	0.0785458	0.0739228	Bile_Duct_Cancer
0.0453656	0.0921292	0.0865371	0.0506081	0.0320844	0.100727	0.0180344	0.0536838	0.0245352	0.0697609	0.0562002	0.0362086	0.0294981	0.143227	0.0836712	0.0777296	Healthy
0.0518347	0.102387	0.0803906	0.0543007	0.0310712	0.104705	0.01667	0.0508483	0.0215526	0.0776287	0.0474946	0.0358059	0.0283587	0.14707	0.0752614	0.0746202	Ovarian_Cancer
0.0522161	0.100259	0.0821022	0.0554302	0.0301116	0.101218	0.0159017	0.0531747	0.0248675	0.0763505	0.0515394	0.037555	0.0269539	0.139957	0.0768016	0.0755611	Ovarian_Cancer
0.0468021	0.0956862	0.080488	0.0465939	0.0336859	0.111842	0.0204863	0.0537142	0.0246919	0.0796969	0.0571702	0.0366422	0.0271902	0.13949	0.075533	0.0702865	Pancreatic_Cancer
0.0479084	0.0965259	0.0868024	0.0508964	0.0280057	0.110301	0.016611	0.055353	0.0228907	0.0771802	0.0541882	0.0368176	0.0249164	0.141801	0.0792059	0.0705966	Lung_Cancer
0.0476807	0.0956699	0.0829632	0.0522453	0.0299778	0.097397	0.0175179	0.0571799	0.0230693	0.0746978	0.0523069	0.0403405	0.026832	0.146065	0.0789539	0.0771034	Healthy
0.0490918	0.101824	0.0765346	0.0510883	0.0337848	0.11353	0.0177733	0.0522628	0.0238412	0.0822894	0.0501879	0.0364861	0.0281084	0.141051	0.0723458	0.0698011	Breast_Cancer
0.0473433	0.094492	0.0760023	0.0581452	0.0309946	0.115998	0.0181977	0.0638867	0.0271993	0.0789218	0.0547392	0.0458836	0.0246691	0.123881	0.0712826	0.0683632	Bile_Duct_Cancer
0.0503893	0.0980591	0.0796097	0.0541751	0.0320998	0.106377	0.0175429	0.0586008	0.0239949	0.0739042	0.0480964	0.0351392	0.0264477	0.141463	0.0753439	0.0787565	Healthy
0.047952	0.090678	0.0816384	0.0528249	0.0338277	0.100565	0.0175847	0.0553672	0.0212571	0.069209	0.0518362	0.0411017	0.0313559	0.142585	0.0808616	0.0813559	Healthy
0.0496286	0.0916137	0.0861234	0.0493056	0.0326192	0.106954	0.0191086	0.0523199	0.0229303	0.0753041	0.0558725	0.0357412	0.0294434	0.137367	0.0828937	0.0727742	Colorectal_Cancer
0.0497284	0.100297	0.0793456	0.054061	0.0313632	0.108445	0.0150026	0.058329	0.0259959	0.0765003	0.0554837	0.0372478	0.0269659	0.133019	0.0764356	0.0717796	Pancreatic_Cancer
0.0451363	0.100147	0.0683493	0.0570007	0.0337878	0.132977	0.0156595	0.066028	0.0237288	0.0888357	0.0494842	0.044252	0.021776	0.125718	0.062196	0.0649226	Breast_Cancer
0.0418058	0.096712	0.0878179	0.0449525	0.0287375	0.109845	0.0201965	0.0508284	0.0220588	0.0809145	0.0568328	0.0346134	0.0236322	0.145004	0.086662	0.0693874	Ovarian_Cancer
0.0480113	0.100846	0.0811041	0.0467964	0.0288286	0.112156	0.0168501	0.050854	0.0219161	0.0802415	0.0499915	0.0338582	0.0272129	0.152684	0.0777753	0.0708749	Healthy
0.0500463	0.0990114	0.0759654	0.0539079	0.0331789	0.109021	0.0173926	0.0575224	0.0240655	0.076583300000000007	0.0503553	0.0396664	0.026815	0.137689	0.0741118	0.0746679	Pancreatic_Cancer
0.0527707	0.102403	0.0753159	0.054381	0.0320836	0.111983	0.015154	0.0557024	0.0234949	0.0794037	0.047155	0.0380296	0.0277067	0.136758	0.0731274	0.0745313	Breast_Cancer
0.0442827	0.100033	0.0774236	0.0429001	0.0345641	0.115769	0.0192339	0.0489183	0.0245608	0.0791314	0.0479831	0.0333848	0.0288712	0.155335	0.0775049	0.0701041	Healthy
0.0481922	0.0976281	0.079284	0.0552989	0.0322466	0.111397	0.0172781	0.0586302	0.024829	0.0780847	0.0505463	0.0426846	0.0267833	0.134716	0.0725771	0.0698232	Breast_Cancer
0.051112200000000003	0.107877	0.0745108	0.05251	0.0330619	0.112252	0.0139176	0.0497144	0.0226693	0.0767595	0.0427859	0.0365868	0.0300839	0.151088	0.0742677	0.0708035	Gastric_cancer
0.0490094	0.0988252	0.0806842	0.0530408	0.0309261	0.107349	0.0177378	0.0575904	0.0218844	0.0768256	0.0492974	0.0388735	0.0263188	0.145243	0.0750403	0.0713545	Healthy
0.0499745	0.0964401	0.0824325	0.047173	0.0307035	0.104533	0.0196106	0.0514177	0.0235441	0.0747071	0.0549267	0.0378063	0.0283264	0.143698	0.0846681	0.0700379	Healthy
0.0479898	0.0950926	0.0789318	0.0558731	0.0306464	0.102483	0.0172448	0.0561687	0.0234529	0.0768624	0.0504533	0.0387268	0.0284785	0.141013	0.0774537	0.0791289	Bile_Duct_Cancer
0.049373	0.096395	0.0864919	0.0568538	0.0300655	0.103448	0.0168139	0.0562838	0.023511	0.0701767	0.0513679	0.0338416	0.0287831	0.136506	0.0810772	0.0790111	Healthy
0.0469334	0.0943032	0.0822737	0.057654	0.0282972	0.102157	0.0155198	0.0557841	0.0219397	0.0769758	0.0507978	0.0364622	0.0239342	0.142483	0.083271	0.0812142	Healthy
0.0533256	0.0915991	0.0837514	0.0546764	0.0315194	0.101377	0.0171105	0.053004	0.0208414	0.0721729	0.0492731	0.039367	0.0289464	0.141901	0.0784768	0.0826579	Healthy
0.0487795	0.0975978	0.0807052	0.0457962	0.0340953	0.108989	0.0181713	0.0487021	0.0246029	0.0795816	0.0532352	0.0329717	0.0314219	0.147346	0.0801627	0.0678419	Healthy
0.0516533	0.0923286	0.075971	0.053184	0.0312281	0.105625	0.0172761	0.0563331	0.0244927	0.0701977	0.0506036	0.0384885	0.0315343	0.145644	0.0782453	0.0771956	Healthy
0.047194	0.0975986	0.0852061	0.0529729	0.0269038	0.102671	0.0183639	0.054835	0.0208681	0.0744831	0.0498266	0.03737	0.028188	0.146205	0.0815462	0.0757673	Breast_Cancer
0.0515793	0.0998986	0.0770067	0.0548392	0.0337583	0.0969284	0.0211533	0.0557085	0.0248479	0.0698348	0.0502753	0.0375978	0.0337583	0.13257	0.0814981	0.0787453	Healthy
0.0493803	0.100939	0.0812355	0.0508327	0.0333559	0.101181	0.0160728	0.0564485	0.0230442	0.0771689	0.048751	0.0397463	0.0292409	0.142816	0.0745062	0.0752808	Pancreatic_Cancer
0.0467	0.090573	0.0806241	0.0505056	0.0308253	0.108514	0.018593	0.060237	0.0228879	0.0772535	0.0546374	0.0372948	0.0272371	0.137273	0.0831793	0.0736653	Colorectal_Cancer
0.0448555	0.0937535	0.0793	0.0518884	0.0311219	0.114963	0.0202126	0.0625761	0.0244213	0.0842286	0.0558755	0.041699	0.023203	0.132241	0.0755344	0.0641267	Colorectal_Cancer
0.0438327	0.0952268	0.0840028	0.0473181	0.0288871	0.114308	0.0209712	0.0539934	0.0202032	0.0852434	0.0555293	0.0342037	0.0251654	0.14538	0.0795723	0.0661626	Colorectal_Cancer
0.0500924	0.0983369	0.0817054	0.0564282	0.032141	0.100383	0.0174894	0.0508184	0.0242212	0.0723337	0.0491024	0.0362328	0.029831	0.143413	0.0815734	0.0758976	Healthy
0.0512048	0.0987025	0.0785449	0.0557808	0.0300046	0.0992238	0.0171455	0.0560125	0.0225904	0.0744323	0.0499305	0.0367817	0.0286724	0.143304	0.0774444	0.0802247	Healthy
0.046888	0.0951591	0.0855694	0.0479945	0.0316275	0.108668	0.0205164	0.0519594	0.023006	0.0764408	0.0498386	0.030982	0.0285385	0.151083	0.0820655	0.0696634	Healthy
0.0508318	0.100162	0.0796557	0.0472505	0.0302103	0.105591	0.0172135	0.0525069	0.0226433	0.0718577	0.051756	0.0358711	0.0283618	0.151513	0.079829	0.0747458	Healthy
0.0517019	0.0991848	0.0831665	0.0494851	0.0335383	0.0968965	0.0162328	0.0527746	0.0259582	0.0711527	0.048627	0.0333238	0.0308924	0.148956	0.0775172	0.0805921	Healthy
0.0492801	0.0971691	0.0811713	0.0545837	0.033091	0.104942	0.017841	0.0561313	0.0225534	0.0724247	0.0505843	0.0393163	0.028396	0.139737	0.0772066	0.0755721	Healthy
0.0483422	0.0944385	0.0758289	0.055508	0.0339037	0.107701	0.0190374	0.0550802	0.0252406	0.0745455	0.0535829	0.0343316	0.0303743	0.142246	0.0728342	0.0770053	Healthy
0.0467112	0.0992397	0.081903	0.0484967	0.0316784	0.111278	0.019295	0.0546596	0.0236148	0.0760857	0.0495335	0.03859	0.0259187	0.143647	0.0798871	0.069462	Healthy
0.0469608	0.0927018	0.0795893	0.0473674	0.0381683	0.10434	0.0205326	0.052348	0.0268855	0.0733381	0.0540252	0.0334418	0.0307481	0.140069	0.0860947	0.073388900000000007	Gastric_cancer
0.0510471	0.0992341	0.074171	0.0514834	0.0322862	0.111402	0.018567	0.0525015	0.0224452	0.0765949	0.0511441	0.038249	0.0279717	0.142234	0.0744134	0.0762556	Breast_Cancer
0.0506826	0.0981731	0.0750417	0.052598	0.0321678	0.107602	0.0169433	0.0578529	0.0248011	0.075582	0.0505844	0.0372753	0.0275022	0.145516	0.0688537	0.0788233	Healthy
0.047825	0.0950691	0.0749968	0.0545372	0.0334968	0.104105	0.0163289	0.0577643	0.0235575	0.0742223	0.0491158	0.0427262	0.0310443	0.146702	0.0733832	0.0751259	Lung_Cancer
0.0492699	0.0934972	0.0843051	0.0548377	0.0296775	0.105526	0.0180166	0.0543124	0.0241097	0.0718038	0.0510558	0.0369787	0.0277865	0.141086	0.0822565	0.0754806	Ovarian_Cancer
0.0325982	0.0953242	0.0552543	0.0604965	0.0282598	0.108038	0.0152446	0.0568812	0.0213304	0.0739335	0.0472403	0.0429019	0.0285611	0.160581	0.0836346	0.0897204	Gastric_cancer
0.0466287	0.0975796	0.0840537	0.0452558	0.0326452	0.103427	0.0182549	0.0513577	0.0221702	0.077545	0.0504932	0.0365097	0.0280687	0.151988	0.0803926	0.0736296	Ovarian_Cancer
0.0497189	0.0984276	0.0830771	0.0524859	0.0319088	0.106268	0.0159654	0.0542208	0.0229708	0.0781579	0.0505973	0.0369378	0.0274288	0.140065	0.0776968	0.0740733	Healthy
0.0496775	0.0956207	0.0686885	0.0534684	0.0397759	0.104617	0.0187847	0.0532421	0.0289691	0.0700464	0.0523368	0.0344574	0.0352495	0.141734	0.0782505	0.075082	Gastric_cancer
0.0505131	0.0977609	0.0803679	0.0557777	0.0303878	0.105291	0.0160602	0.0611089	0.023324	0.0745035	0.0530454	0.0368519	0.025923	0.135079	0.0777689	0.0762362	Bile_Duct_Cancer
0.0475286	0.1031	0.0786967	0.048219	0.0305467	0.11373	0.0163261	0.0527751	0.0219522	0.0841502	0.048219	0.0341364	0.0273367	0.15194	0.0707925	0.0705509	Healthy
0.0446429	0.0993717	0.0816799	0.0603505	0.0289352	0.106481	0.0180225	0.0618386	0.0214947	0.0724206	0.0545635	0.0391865	0.0251323	0.132771	0.073578	0.0795304	Lung_Cancer
0.0467359	0.0912463	0.092518	0.0490674	0.0260704	0.10142	0.0188639	0.0492794	0.0208775	0.0721704	0.0584994	0.0395295	0.0274481	0.143811	0.0861594	0.0763035	Lung_Cancer
0.0447154	0.101449	0.0862937	0.0468805	0.0267762	0.109756	0.0193973	0.0506805	0.0203252	0.0804613	0.0556734	0.034818	0.0247437	0.147225	0.081831	0.0689731	Colorectal_Cancer
0.0488961	0.0937305	0.0856592	0.0502499	0.0306707	0.103676	0.0214539	0.0521766	0.022235	0.0742033	0.0550406	0.0350448	0.0289523	0.140335	0.0827953	0.0748802	Healthy
0.0472297	0.0965904	0.0768026	0.0519701	0.0317039	0.112725	0.0183526	0.0535357	0.023093	0.0814995	0.0554058	0.0362268	0.027181	0.141472	0.0733235	0.0728886	Lung_Cancer
0.0504873	0.095822	0.081283	0.050008	0.0332721	0.106087	0.0164563	0.049289	0.0242451	0.0754114	0.0544416	0.0365474	0.0295574	0.143873	0.0818821	0.0713373	Lung_Cancer
0.0518418	0.0960927	0.0789102	0.0546075	0.0357773	0.103389	0.0190656	0.0537837	0.0251265	0.0750853	0.0532541	0.0360127	0.0297164	0.137343	0.0782041	0.07179	Healthy
0.0505595	0.0973753	0.0815781	0.0518759	0.0288794	0.109799	0.016003	0.0502304	0.0242307	0.0792743	0.0542208	0.0364078	0.0253415	0.146495	0.0752016	0.0725276	Breast_Cancer
0.0381237	0.089936	0.0679318	0.0471642	0.0518124	0.124606	0.023113	0.0601279	0.0310874	0.0811087	0.0599147	0.0391471	0.0284861	0.124307	0.0744563	0.058678	Lung_Cancer
0.0494204	0.101243	0.0792868	0.0498512	0.0299838	0.107822	0.0164865	0.052971	0.0223606	0.0774593	0.048833	0.0341087	0.0286524	0.15176	0.0767935	0.0729689	Healthy
0.0510271	0.098386	0.0780486	0.0473997	0.029956	0.109757	0.0160988	0.0514754	0.0211933	0.0785784	0.0498859	0.0352136	0.0273883	0.154834	0.0756847	0.0750734	Healthy
0.0443051	0.103396	0.0756602	0.0518507	0.0301825	0.107882	0.0170287	0.0564393	0.0234526	0.0799429	0.047721	0.0390028	0.0241154	0.148924	0.076374	0.0737229	Pancreatic_Cancer
0.0478682	0.0913949	0.0828231	0.0507069	0.0328955	0.10865	0.0180341	0.0606702	0.0258822	0.0758655	0.0583881	0.0376823	0.0264945	0.135812	0.0764778	0.0703551	Lung_Cancer
0.0479778	0.0992874	0.0788969	0.0491862	0.0319053	0.11209	0.0170499	0.0538595	0.0229849	0.0791634	0.0511763	0.0358945	0.0267965	0.146146	0.0765069	0.0710783	Healthy
0.0445433	0.090317	0.08033	0.0524678	0.0281155	0.108518	0.0177667	0.0554711	0.0217108	0.0833695	0.0520336	0.0371617	0.0269576	0.144883	0.0809451	0.0754089	Healthy
0.0441191	0.097799	0.0853003	0.0455632	0.0290808	0.119012	0.0192212	0.0525844	0.0221591	0.0831093	0.0597052	0.0351061	0.0227567	0.14137	0.0764366	0.0666766	Colorectal_Cancer
0.0444615	0.0955099	0.0824459	0.0489626	0.0329894	0.10281	0.0212427	0.0516522	0.0252498	0.0745417	0.0543419	0.0354594	0.0262927	0.145461	0.0834889	0.0750906	Healthy
0.0468987	0.09435	0.0869595	0.0529079	0.0319796	0.0958005	0.0197541	0.05498	0.0237602	0.0684487	0.0544965	0.0376433	0.0289405	0.137519	0.0858544	0.0797071	Healthy
0.0449877	0.0979951	0.0755892	0.0496307	0.0338023	0.112065	0.0163208	0.0510728	0.0245515	0.0792824	0.0537812	0.0359128	0.0281745	0.15051	0.0759761	0.0703482	Healthy
0.0457791	0.0862025	0.0683499	0.0524101	0.0396583	0.100931	0.0167049	0.0485845	0.0246748	0.0764473	0.0540041	0.037618	0.0358327	0.145052	0.0904106	0.07734	Gastric_cancer
0.0473028	0.0991238	0.0795569	0.0491283	0.0306795	0.113305	0.0168287	0.0539773	0.0220884	0.0806065	0.0507941	0.0365211	0.0250434	0.146792	0.0743314	0.0739207	Healthy
0.0496261	0.0981669	0.080439	0.0530029	0.0338881	0.104679	0.017547	0.0542692	0.023999	0.0753739	0.053425	0.0372648	0.0281597	0.14104	0.0820671	0.0670526	Healthy
0.0431773	0.0965359	0.0768562	0.0534207	0.0326856	0.126862	0.0177241	0.0607462	0.0253601	0.0860752	0.0539483	0.0414701	0.0212317	0.127204	0.0719829	0.0647194	Colorectal_Cancer
0.0474992	0.0973634	0.0846332	0.052229	0.0352219	0.102898	0.0176109	0.0545436	0.0250579	0.0758277	0.0543424	0.034869699999999997	0.0273221	0.134246	0.0827211	0.0736138	Pancreatic_Cancer
0.0458744	0.103487	0.0751616	0.0476832	0.0320967	0.110029	0.017049	0.0534175	0.0240917	0.0778171	0.0460283	0.0356758	0.0272475	0.154172	0.0751616	0.0750077	Healthy
0.0441864	0.0970516	0.069232	0.0603947	0.0347151	0.121661	0.0157724	0.0673694	0.0261156	0.0855592	0.050646	0.0457319	0.0223508	0.129944	0.0609099	0.0683601	Lung_Cancer
0.0450652	0.0980333	0.0805985	0.0561052	0.0308277	0.100989	0.0158663	0.0578547	0.0252172	0.0747466	0.0465734	0.0383687	0.0272683	0.148166	0.0792109	0.0751086	Healthy
0.0244405	0.0595406	0.0444052	0.0339812	0.0920495	0.126207	0.0392815	0.0374558	0.0453475	0.0592462	0.0873969	0.0243816	0.0561837	0.105241	0.125795	0.0390459	Gastric_cancer
0.0507593	0.094541	0.0789438	0.0490491	0.0334519	0.0999453	0.0193597	0.0515118	0.0246272	0.0724449	0.0526748	0.0374196	0.0313996	0.140785	0.0846217	0.0784649	Healthy
0.0491823	0.0959849	0.075177	0.0485721	0.0339273	0.111423	0.018062	0.0554064	0.0237369	0.078411	0.0478399	0.0381377	0.0305711	0.146449	0.0715768	0.0755431	Breast_Cancer
0.0506747	0.0993963	0.0824219	0.0491122	0.0322443	0.109233	0.0173651	0.0512784	0.0231889	0.0754972	0.053125	0.0341974	0.0272372	0.146413	0.0774858	0.0711293	Healthy
0.04814	0.0946389	0.0890591	0.0462801	0.028884	0.1	0.0191466	0.0554705	0.0246171	0.0675055	0.0598468	0.0380744	0.0293217	0.142998	0.0820569	0.0739606	Lung_Cancer
0.0335452	0.0946328	0.0544962	0.0579096	0.0396657	0.11835	0.0187735	0.0586747	0.0220104	0.072799	0.0514948	0.0391361	0.0304849	0.150365	0.0788018	0.0788606	Gastric_cancer
0.0464419	0.0997104	0.0821266	0.0461316	0.0309785	0.109019	0.0178424	0.0517687	0.0223935	0.0739036	0.0540443	0.0363053	0.0283926	0.146359	0.0824886	0.0720935	Healthy
0.0457811	0.102897	0.077342	0.0501384	0.0284991	0.113408	0.0174292	0.0560561	0.0226108	0.0816405	0.0479597	0.0358888	0.0249367	0.145557	0.073868	0.0759878	Gastric_cancer
0.0504102	0.101455	0.0816206	0.0511292	0.0294342	0.102724	0.0184386	0.052567	0.0220756	0.0771801	0.0474922	0.0318024	0.0304068	0.150131	0.079506	0.0736277	Breast_Cancer
0.0483838	0.0899949	0.0781939	0.0516162	0.0353002	0.104515	0.0161621	0.0557722	0.0267317	0.0749615	0.0546947	0.0372499	0.0293997	0.137558	0.0866598	0.0728066	Bile_Duct_Cancer
0.0482018	0.096592	0.0811523	0.0555451	0.0333271	0.0964037	0.0180757	0.0576163	0.0262662	0.080305	0.0512145	0.0399172	0.0273018	0.134532	0.080305	0.0732442	Lung_Cancer
0.043134	0.0916781	0.0810053	0.0488885	0.0335432	0.11568	0.0233622	0.0583809	0.0252803	0.0843006	0.0604466	0.0401338	0.0223785	0.131714	0.0746114	0.0654633	Colorectal_Cancer
0.0455158	0.101905	0.0891773	0.0473281	0.026298	0.100472	0.0175742	0.0471595	0.0219993	0.0749747	0.0503624	0.0331254	0.0278574	0.158631	0.0828978	0.0747218	Ovarian_Cancer
0.0466556	0.0995627	0.0780365	0.0492424	0.0293176	0.112836	0.0168453	0.0504127	0.0221422	0.0780365	0.0464092	0.0355075	0.0290712	0.157428	0.0748645	0.0736327	Healthy
