AA	AC	AG	AT	CA	CC	CG	CT	GA	GC	GG	GT	TA	TC	TG	TT	cancer
0.0731117	0.0530124	0.0773781	0.0496884	0.0776513	0.0735634	0.0180563	0.0771055	0.0618015	0.058632	0.0742212	0.0531975	0.0406277	0.0611672	0.0781805	0.0726054	background
0.0560103	0.10874	0.0796162	0.0594899	0.0326957	0.088568	0.00821607	0.0531285	0.0239738	0.0620497	0.044284	0.0389344	0.0304577	0.142708	0.089687	0.0814403	Bile_Duct_Cancer
0.0517955	0.107341	0.0832727	0.0558864	0.0390455	0.0862045	0.00977273	0.0513864	0.0239318	0.0592955	0.0452727	0.0395227	0.0313864	0.145045	0.0897045	0.0811364	Healthy
0.0528044	0.113321	0.078249	0.0600034	0.0365595	0.0957079	0.00873803	0.055985	0.0247777	0.0653386	0.0429891	0.0404754	0.0274795	0.138885	0.0814295	0.0772572	Pancreatic_Cancer
0.0358852	0.0701193	0.0521262	0.0433992	0.0971427	0.105701	0.0168138	0.056675	0.0418492	0.0547544	0.060651	0.0327852	0.0525979	0.121639	0.0981198	0.0597412	Breast_Cancer
0.0529049	0.105196	0.0841043	0.0602394	0.0368585	0.0846069	0.00897262	0.0558462	0.0228225	0.0605186	0.0412145	0.0400975	0.030734	0.143692	0.0872876	0.0849048	Healthy
0.0507184	0.110272	0.078962	0.0643363	0.0340553	0.0861463	0.00879262	0.0599185	0.0228608	0.0593824	0.0396097	0.0425692	0.0316963	0.14169	0.0812567	0.0877332	Healthy
0.0351155	0.073595	0.0511965	0.0457541	0.0916997	0.103596	0.0163818	0.0654451	0.0443594	0.0586627	0.0643785	0.0385888	0.0487351	0.117216	0.0875427	0.0577328	Breast_Cancer
0.0444173	0.0934271	0.0655616	0.0519757	0.0662553	0.0998134	0.010907	0.0546546	0.0329124	0.0589122	0.0499665	0.0364284	0.0429822	0.133993	0.0895283	0.0682644	Breast_Cancer
0.0506356	0.108418	0.07491	0.0644073	0.0348989	0.0964545	0.00938983	0.0669113	0.0253178	0.0662331	0.044793	0.0473491	0.0274566	0.128519	0.0745796	0.0797267	Breast_Cancer
0.0536578	0.108574	0.0858179	0.0584954	0.0389969	0.0885082	0.00881133	0.0554102	0.0240399	0.059458	0.0450193	0.0387008	0.0311482	0.139673	0.0864597	0.0772287	Healthy
0.0565362	0.10766	0.0827446	0.058168	0.036656	0.0877395	0.00762174	0.0562576	0.0231836	0.0629838	0.0403574	0.0382679	0.0328352	0.142127	0.0844162	0.0824461	Healthy
0.0449674	0.0965204	0.0692154	0.0551572	0.0553081	0.0959731	0.0110012	0.0631392	0.0289278	0.0618749	0.0468732	0.039212	0.0364003	0.135864	0.0851606	0.0744046	Breast_Cancer
0.0465391	0.101554	0.0731065	0.0554281	0.0504566	0.096839	0.010513	0.0597444	0.0302996	0.0682203	0.047693	0.0416103	0.0314534	0.132167	0.0832206	0.0711549	Breast_Cancer
0.0506744	0.110072	0.0859854	0.0614261	0.0358944	0.0900554	0.00930698	0.0579116	0.0232397	0.0622178	0.0436733	0.0421731	0.0276987	0.13609	0.084249	0.0793316	Healthy
0.0528925	0.106751	0.0770692	0.0622284	0.0375044	0.0842159	0.00968998	0.0613914	0.0232753	0.0605544	0.0448122	0.0426874	0.0291987	0.139491	0.0843769	0.0838618	Healthy
0.0494284	0.109726	0.0739249	0.057612	0.0419162	0.0958991	0.0101433	0.0578479	0.0237162	0.0603339	0.0441844	0.0397568	0.0318454	0.141898	0.0841408	0.0776266	Lung_Cancer
0.0544588	0.113568	0.0747587	0.0652482	0.0336705	0.0830136	0.00846413	0.0578072	0.0220439	0.061551	0.0380188	0.0405534	0.029764	0.148029	0.0787583	0.0902918	Breast_Cancer
0.0539459	0.104787	0.0815858	0.0602655	0.0415254	0.0871619	0.00990575	0.0588222	0.0262185	0.057379	0.0453303	0.0393387	0.0331285	0.131836	0.0899609	0.0788087	Healthy
0.0538333	0.105833	0.0833571	0.061	0.0369286	0.0880952	0.00928571	0.0587381	0.0243333	0.0583095	0.0438571	0.0398333	0.0294048	0.137095	0.0875476	0.0825476	Colorectal_Cancer
0.0514175	0.114066	0.0725903	0.0662214	0.0375922	0.093934	0.00765825	0.0602252	0.0239379	0.0659883	0.0424388	0.0438835	0.0289553	0.133468	0.0771417	0.0804816	Pancreatic_Cancer
0.0510154	0.109562	0.0802574	0.0547706	0.038759	0.0962815	0.00954197	0.054908	0.0246959	0.0666606	0.0456532	0.0381804	0.0295959	0.142509	0.0848952	0.0727138	Healthy
0.0528861	0.10772	0.0888227	0.0602078	0.0347723	0.084994	0.00850835	0.054543	0.0232636	0.058215	0.0433926	0.0384667	0.0303838	0.143299	0.0908155	0.0797098	Healthy
0.0519297	0.110637	0.084613	0.0580111	0.0352314	0.0895733	0.00929198	0.0592852	0.0220663	0.0624958	0.0437759	0.0416015	0.0282836	0.137256	0.0883842	0.0775634	Ovarian_Cancer
0.0556118	0.110876	0.0772402	0.0680825	0.036139	0.09055	0.00804375	0.061717	0.0250716	0.0623825	0.0406528	0.0448627	0.0291514	0.132548	0.0756055	0.0814647	Ovarian_Cancer
0.0540865	0.105082	0.0750343	0.065216	0.0386489	0.0900194	0.00836663	0.0658092	0.0289554	0.0638268	0.0431756	0.0482798	0.0296266	0.123564	0.0775943	0.0827142	Colorectal_Cancer
0.0519751	0.111726	0.0808039	0.0569092	0.0352737	0.0919473	0.00826057	0.0565627	0.0234096	0.064754	0.0410672	0.040194	0.0307692	0.144712	0.0816909	0.0799446	Healthy
0.0528622	0.115938	0.0732549	0.0605397	0.0345571	0.0958041	0.00750492	0.0568476	0.0220317	0.0673372	0.0376281	0.0406646	0.0296746	0.149615	0.0749111	0.0808288	Pancreatic_Cancer
0.0509633	0.105472	0.0802042	0.0632235	0.0363322	0.0884489	0.00886411	0.0563245	0.0229185	0.0611517	0.0431244	0.0417147	0.0329147	0.13954	0.0859498	0.0828527	Healthy
0.0585963	0.107976	0.080553	0.0657797	0.0348777	0.0845287	0.00903567	0.0571506	0.0234024	0.0599517	0.0386049	0.0409316	0.0316926	0.137862	0.0830378	0.0860196	Healthy
0.051962	0.108393	0.0830479	0.0625143	0.0350002	0.0881039	0.00830153	0.0566429	0.023453	0.0632808	0.0417197	0.0409531	0.0285253	0.13651	0.0863098	0.0852823	Healthy
0.0328581	0.0732547	0.0509259	0.0407858	0.101954	0.118465	0.0193379	0.0572558	0.0407448	0.0531588	0.0640978	0.030625200000000002	0.0465831	0.112873	0.105273	0.0518068	Breast_Cancer
0.051123	0.105866	0.0882258	0.0575797	0.035627	0.0877646	0.00996172	0.0552737	0.0234054	0.0591708	0.0457501	0.0380713	0.030992	0.14041	0.0898861	0.0808929	Healthy
0.0529235	0.111917	0.0827081	0.0585642	0.0333619	0.088523	0.00866874	0.0548663	0.0238491	0.0625569	0.0415215	0.0389624	0.0301463	0.146297	0.0841685	0.0809663	Healthy
0.0543336	0.105989	0.0755845	0.0661653	0.0393621	0.0849505	0.00851456	0.0636109	0.0243375	0.0611275	0.0408522	0.0425551	0.0306879	0.13728	0.0776777	0.0869727	Lung_Cancer
0.0499506	0.112147	0.0841722	0.0636572	0.0330981	0.0868686	0.00838127	0.0572083	0.0210768	0.0631404	0.0450072	0.0412547	0.0288289	0.138931	0.0830937	0.0831835	Bile_Duct_Cancer
0.0526784	0.107714	0.0804963	0.064864	0.0356452	0.0904583	0.00907251	0.0593938	0.0240377	0.0622179	0.0423162	0.041738	0.02933	0.138156	0.0815414	0.0803407	Healthy
0.0526947	0.107977	0.085182	0.0625279	0.0349808	0.0876285	0.00865699	0.0561999	0.0239243	0.0633748	0.0438495	0.0401327	0.0299701	0.137947	0.0847115	0.0802418	Healthy
0.0530908	0.107047	0.080234	0.0649199	0.0365047	0.0881964	0.00903078	0.0581531	0.0244467	0.059476	0.0431951	0.0416942	0.0305775	0.13681	0.0833121	0.0833121	Healthy
0.0536845	0.106499	0.0836676	0.0646533	0.0352984	0.0834501	0.00932592	0.0623339	0.0229282	0.0601111	0.0462189	0.041121	0.0277603	0.132617	0.0853105	0.0850205	Healthy
0.0483468	0.10566300000000001	0.0738541	0.0597062	0.0420092	0.09778	0.00923478	0.0593561	0.0253625	0.0645952	0.0451237	0.0401985	0.0301428	0.140441	0.0821111	0.0760753	Breast_Cancer
0.0493754	0.108388	0.0881411	0.0564349	0.0369241	0.0964385	0.00955587	0.0560154	0.0244626	0.0650495	0.050552	0.0380188	0.0254448	0.132923	0.0901669	0.0721089	Pancreatic_Cancer
0.0551585	0.108767	0.0852363	0.063856	0.0338731	0.0811879	0.0076855	0.0552533	0.0217281	0.0567082	0.0389968	0.0401986	0.030995	0.142988	0.0850149	0.0923525	Healthy
0.0535248	0.107415	0.0885801	0.0589829	0.0347478	0.0839868	0.00895603	0.0561577	0.0215829	0.0593865	0.0443573	0.0392835	0.0306542	0.137454	0.0929812	0.0819496	Ovarian_Cancer
0.0510463	0.106997	0.0793199	0.062952	0.0376596	0.0882059	0.00944376	0.0603747	0.0243499	0.0635867	0.0427566	0.0434105	0.0291391	0.136713	0.0817433	0.0823011	Healthy
0.0589434	0.112531	0.0732062	0.0608936	0.038335	0.0890409	0.00849949	0.0507641	0.027536	0.0658711	0.040489	0.0384806	0.033736	0.142774	0.0792607	0.0796391	Bile_Duct_Cancer
0.0515838	0.11159	0.0739078	0.0640144	0.0382075	0.10006	0.00849722	0.0605915	0.0257469	0.065906	0.0421708	0.0421859	0.0295902	0.133689	0.0784567	0.0738027	Breast_Cancer
0.052281	0.1103	0.0770177	0.0634094	0.0380989	0.0872648	0.00764438	0.0590851	0.02363	0.0602123	0.0403738	0.0407222	0.0315613	0.13973	0.083227400000000007	0.0854408	Lung_Cancer
0.0536179	0.108232	0.0750433	0.0681326	0.0392331	0.092331	0.00771231	0.0646664	0.0271231	0.0633666	0.0421577	0.0477253	0.0290511	0.124523	0.0762132	0.0808709	Bile_Duct_Cancer
0.0541229	0.105323	0.0853331	0.0623026	0.0378577	0.0837301	0.00893404	0.060016	0.0238084	0.058531	0.044128	0.04071	0.0314224	0.134741	0.0885861	0.0804535	Healthy
0.0543913	0.111634	0.0745443	0.0612633	0.037528	0.0867531	0.0085291	0.0553904	0.0238327	0.0612389	0.0398918	0.0394775	0.0319963	0.1467	0.0807827	0.0860464	Healthy
0.0539616	0.107726	0.0832017	0.0594455	0.0375976	0.0853514	0.00938844	0.0564403	0.0239537	0.0601035	0.0443099	0.0376415	0.0314337	0.139554	0.0882688	0.0816224	Healthy
0.0544701	0.119772	0.076813	0.0618931	0.033293	0.0971784	0.00662613	0.0559458	0.0223872	0.0672501	0.038591	0.0406718	0.0268144	0.148151	0.0750273	0.0751158	Pancreatic_Cancer
0.0551581	0.108483	0.0736037	0.066069	0.0351026	0.0890086	0.00702052	0.0603676	0.024706	0.0637884	0.0384117	0.0429728	0.0316371	0.138465	0.079171	0.086035	Pancreatic_Cancer
0.0544635	0.109136	0.0812153	0.0598055	0.0373941	0.0864321	0.00880598	0.0583239	0.0243312	0.060515	0.042444	0.0395852	0.0310296	0.142189	0.0819039	0.0824256	Healthy
0.052311	0.111019	0.0786197	0.0570083	0.0352907	0.0926053	0.00896562	0.0539612	0.0238784	0.0651733	0.0437498	0.0393344	0.0291148	0.148543	0.0829821	0.0774434	Healthy
0.053426800000000003	0.106506	0.081970199999999993	0.0624233	0.0382146	0.0848736	0.00832175	0.0562076	0.0234317	0.0593359	0.0431831	0.0383373	0.0321829	0.140979	0.0876135	0.0829926	Healthy
0.0536939	0.107509	0.0826808	0.0640047	0.0353825	0.0857449	0.00887603	0.0576334	0.0237099	0.0610865	0.0426049	0.0399786	0.0311512	0.139244	0.0853071	0.081392	Healthy
0.0527204	0.106427	0.0814615	0.0643195	0.0355955	0.0922451	0.00834289	0.0607782	0.0237057	0.0626258	0.0430887	0.0421193	0.02853	0.135448	0.082602	0.0799902	Healthy
0.0447413	0.092854	0.068262	0.0528861	0.0601645	0.0967767	0.0115162	0.0618974	0.0330046	0.0641975	0.0515155	0.039574	0.036502	0.128442	0.0872613	0.0704046	Lung_Cancer
0.0512752	0.110305	0.0792995	0.0591628	0.0374627	0.0920351	0.0085237	0.0569632	0.0239453	0.0642312	0.0429054	0.039683	0.0296666	0.143132	0.0818732	0.0795365	Healthy
0.048519	0.105206	0.0634819	0.0638499	0.0429141	0.0995646	0.00808242	0.0736248	0.0346354	0.0728154	0.0450113	0.0542589	0.0275219	0.117913	0.0677255	0.0748758	Breast_Cancer
0.0555162	0.10941	0.0818807	0.0608165	0.0368966	0.0855361	0.00843024	0.0575952	0.023463	0.0596514	0.0429508	0.0391127	0.0314363	0.139682	0.085353299999999993	0.0822691	Healthy
0.052191	0.109727	0.0798245	0.06331	0.0350966	0.0893551	0.00809339	0.055973	0.024128899999999998	0.0616963	0.039887	0.041778	0.0305582	0.138848	0.0831526	0.0863799	Healthy
0.0529114	0.108585	0.0808622	0.0606986	0.0376485	0.0890439	0.00944846	0.0560262	0.0241091	0.0646856	0.0446258	0.0397874	0.030775	0.136432	0.0844755	0.0798862	Healthy
0.0553483	0.105821	0.0820579	0.0564718	0.0392589	0.0893713	0.00801289	0.0538008	0.0245474	0.0642303	0.0430958	0.037775	0.0333446	0.145567	0.0847501	0.0765464	Healthy
0.0539251	0.108681	0.085662	0.0593022	0.034716	0.0868588	0.00879954	0.0565857	0.0229244	0.061403	0.0434725	0.0396108	0.0297135	0.140861	0.0862174	0.0812665	Healthy
0.0501281	0.11092	0.0825768	0.0603145	0.0354676	0.0908953	0.00862256	0.0566657	0.0240215	0.0641588	0.0433952	0.0413101	0.0296251	0.142196	0.08186	0.077842	Pancreatic_Cancer
0.0507371	0.106739	0.0841198	0.0608377	0.0348842	0.0889946	0.00865767	0.0605062	0.0245301	0.0625536	0.0459208	0.0425279	0.0282739	0.135461	0.0838078	0.0814484	Colorectal_Cancer
0.0504038	0.11047	0.0818639	0.0626876	0.0363017	0.0908284	0.00930272	0.0622225	0.0235739	0.0632373	0.0437228	0.0419679	0.0294516	0.132733	0.0828365	0.0783965	Lung_Cancer
0.0522975	0.112116	0.0720776	0.0670202	0.0390963	0.0971902	0.00847716	0.0601516	0.0270544	0.0646872	0.0399513	0.044371	0.0299381	0.131505	0.0756423	0.0784246	Pancreatic_Cancer
0.0539209	0.104313	0.0825657	0.0616435	0.0403089	0.0871946	0.00900591	0.063408	0.0255282	0.0602227	0.0437234	0.0415234	0.0306843	0.130001	0.0844218	0.0815344	Healthy
0.0479813	0.111778	0.0633893	0.0656395	0.0388951	0.0967555	0.00698611	0.0550531	0.0250086	0.0637108	0.0418095	0.0408666	0.0321876	0.142444	0.0861478	0.0813475	Gastric_cancer
0.0553347	0.108995	0.0801215	0.0622348	0.0385646	0.0873565	0.00752535	0.0564736	0.0232013	0.0627038	0.0409316	0.0414452	0.0325354	0.13856	0.0805011	0.0835157	Pancreatic_Cancer
0.0550822	0.107022	0.082771	0.0632223	0.0362927	0.0860818	0.00757065	0.0570434	0.0230915	0.061472	0.0428511	0.0394348	0.03062	0.140426	0.0829397	0.0840784	Healthy
0.0534672	0.110075	0.0795417	0.0611248	0.0359227	0.0892736	0.00804529	0.0593994	0.0242328	0.065099	0.0421651	0.0434445	0.0292538	0.137448	0.0808212	0.0806855	Pancreatic_Cancer
0.0512857	0.109925	0.0818229	0.0581237	0.0373753	0.0867172	0.00901597	0.0537446	0.0238631	0.0616599	0.0436748	0.039319	0.0312163	0.145473	0.0868812	0.0799026	Healthy
0.0558068	0.108664	0.0876249	0.0595964	0.0324795	0.0859804	0.0081154	0.0519279	0.0222548	0.05965	0.0414172	0.0385929	0.0323007	0.146524	0.086177	0.0828879	Breast_Cancer
0.0540054	0.10341500000000001	0.0848957	0.0593102	0.0405807	0.0867151	0.00917326	0.0564759	0.0262367	0.0591953	0.0480112	0.0373825	0.0324415	0.13599	0.0857575	0.0804144	Healthy
0.0540904	0.111084	0.088332	0.0590046	0.0314609	0.0862684	0.00786961	0.0536532	0.0217901	0.0637963	0.0414116	0.0390682	0.0298171	0.144171	0.0863384	0.0818439	Breast_Cancer
0.05142	0.106054	0.0795404	0.0664238	0.0360052	0.0891442	0.00866966	0.0621824	0.0238042	0.060071	0.0428999	0.0425635	0.0307549	0.132063	0.0834828	0.0849215	Gastric_cancer
0.0521325	0.108281	0.0851244	0.0579879	0.0372375	0.0899538	0.00932265	0.0549452	0.0230767	0.0633922	0.0460649	0.039378	0.0292593	0.138681	0.0881671	0.0769959	Healthy
0.0494752	0.113326	0.0787093	0.0588977	0.0333951	0.0937424	0.00845615	0.055126	0.0234625	0.0669378	0.0422405	0.0389654	0.0295965	0.151164	0.079461	0.0770449	Healthy
0.0505092	0.110637	0.0799415	0.0582884	0.0345962	0.0943806	0.00898705	0.0547977	0.0232045	0.0648042	0.0436055	0.0404694	0.0288339	0.14745	0.0825567	0.0769384	Healthy
0.0572046	0.107822	0.0819374	0.0606397	0.0366546	0.0884035	0.00864839	0.0566186	0.0239649	0.0604377	0.0415648	0.0395441	0.0315626	0.139405	0.0854533	0.080139	Healthy
0.054112	0.117691	0.0664875	0.0595602	0.03794	0.0993492	0.00825855	0.0545558	0.025318	0.0675722	0.0382112	0.0389754	0.0339957	0.147421	0.075387	0.0751652	Gastric_cancer
0.0483136	0.0990553	0.0783546	0.0591071	0.047268	0.0905836	0.0102795	0.0567499	0.0269216	0.0572816	0.0483491	0.039133	0.033816	0.134271	0.0933307	0.0771848	Gastric_cancer
0.0533828	0.109194	0.0816931	0.058197	0.0401329	0.0911938	0.00937287	0.055023	0.0238156	0.0614562	0.0426892	0.0408146	0.0312287	0.140487	0.0857405	0.0755794	Healthy
0.053844	0.106305	0.0847522	0.0586726	0.036617	0.0846767	0.00938058	0.0546991	0.0229359	0.0579182	0.042703	0.0377487	0.0338506	0.143425	0.0902346	0.0822373	Healthy
0.0547281	0.107065	0.0723905	0.0643774	0.0373804	0.0921296	0.00836969	0.0615456	0.0248154	0.0636013	0.0417436	0.0415338	0.0327865	0.141341	0.0760824	0.0801099	Healthy
0.05618	0.11091	0.0802288	0.0631901	0.0346334	0.0883112	0.00812217	0.058146	0.0229565	0.0623163	0.0423981	0.0434903	0.0279212	0.138176	0.0821551	0.0808642	Ovarian_Cancer
0.0396821	0.0841814	0.0601554	0.0423617	0.0853556	0.106551	0.0155055	0.0461853	0.0367014	0.0548564	0.0592521	0.030168	0.0471789	0.126543	0.107364	0.0579575	Gastric_cancer
0.0544726	0.106149	0.0825398	0.0598011	0.0369305	0.0872088	0.00917988	0.0562663	0.0237411	0.0608826	0.0437363	0.0391464	0.030072	0.140573	0.0878947	0.0814055	Healthy
0.0514497	0.111816	0.0784297	0.0610128	0.0348481	0.0940007	0.00816617	0.0573499	0.023019	0.0651965	0.0427664	0.0412223	0.0285564	0.142779	0.0804802	0.0789073	Healthy
0.0516379	0.109964	0.080767	0.0567765	0.0370464	0.0899183	0.00862884	0.0539753	0.0238464	0.06364	0.0431487	0.0382308	0.0310701	0.147717	0.085095	0.0785378	Healthy
0.0532675	0.104728	0.083106	0.0591917	0.0386579	0.0840599	0.00997406	0.0563802	0.0247009	0.0592921	0.0463894	0.0399632	0.0322316	0.13644	0.0898502	0.0817672	Colorectal_Cancer
0.0500171	0.106377	0.0878182	0.0578549	0.0387195	0.0883521	0.0101017	0.0578336	0.0241116	0.0618486	0.0470272	0.0395097	0.0289595	0.136127	0.0895695	0.0757731	Colorectal_Cancer
0.0493571	0.114537	0.0784512	0.0595301	0.0343793	0.0982338	0.00806879	0.0577407	0.0230632	0.068941	0.0421002	0.0421996	0.0267082	0.14277	0.0784015	0.0755186	Breast_Cancer
0.0556885	0.112249	0.0810088	0.0587699	0.0317061	0.0869486	0.00784544	0.0542897	0.0221375	0.0630676	0.0409098	0.0403219	0.0303681	0.149732	0.0827522	0.0822048	Breast_Cancer
0.0524826	0.110587	0.0825962	0.061328	0.0335338	0.0888076	0.0081181	0.0564925	0.023057	0.0607776	0.0411998	0.040787	0.0292684	0.143905	0.0856233	0.0814365	Ovarian_Cancer
0.0559763	0.111429	0.0811344	0.0607098	0.0347863	0.091669	0.00890303	0.0526326	0.0238488	0.0623817	0.0440922	0.0379084	0.0296902	0.13987	0.0869154	0.0780526	Pancreatic_Cancer
0.0520443	0.105633	0.0769944	0.0706524	0.0372888	0.0936035	0.0083409	0.0643285	0.0233146	0.0647102	0.0434672	0.0457932	0.0277303	0.126004	0.0769035	0.083191	Bile_Duct_Cancer
0.0501995	0.106327	0.0796424	0.0665936	0.0360357	0.0870178	0.00899914	0.0624071	0.0240238	0.0598247	0.0428437	0.0451131	0.0288755	0.134459	0.0831833	0.084455	Lung_Cancer
0.0557689	0.109677	0.081989	0.0598146	0.0355917	0.0886977	0.00851812	0.0557177	0.0231986	0.0626824	0.0422833	0.0399106	0.0296	0.14445	0.0835083	0.078592	Healthy
0.0522448	0.110668	0.0798734	0.0595357	0.0358787	0.0933615	0.00892172	0.0607061	0.0233691	0.0650614	0.0410975	0.0405219	0.0288181	0.142249	0.0791059	0.0785879	Healthy
0.0467129	0.111098	0.0781191	0.0655002	0.0355857	0.0991776	0.00873515	0.0631484	0.0236655	0.0682686	0.0434876	0.0455437	0.0256276	0.131578	0.0784685	0.0752836	Colorectal_Cancer
0.0521873	0.107499	0.0881016	0.0631848	0.0329925	0.0919162	0.00913075	0.0625761	0.0233341	0.0630631	0.0428131	0.0426102	0.0271894	0.131199	0.0837594	0.0784433	Lung_Cancer
0.050779	0.100793	0.0822136	0.0640017	0.0400661	0.0889168	0.00924367	0.060543	0.0243029	0.0599308	0.0457898	0.0433412	0.0300266	0.133697	0.0843868	0.0819687	Healthy
0.0560026	0.106493	0.0829573	0.0615843	0.03549	0.085911	0.00904693	0.0567701	0.0245128	0.0602819	0.0449323	0.0400716	0.0306061	0.138425	0.0845388	0.0823759	Healthy
0.0524743	0.0993232	0.0925727	0.0555067	0.0391228	0.092854	0.0111277	0.0555155	0.0252351	0.0607542	0.0511119	0.0380153	0.0301661	0.126765	0.096572	0.0728839	Bile_Duct_Cancer
0.050828	0.113193	0.0753077	0.0655193	0.0341825	0.0985874	0.00776563	0.0632736	0.0235883	0.0663421	0.0418967	0.0465595	0.026074	0.134793	0.0756848	0.0764048	Pancreatic_Cancer
0.0486414	0.110488	0.0741291	0.0646055	0.0370333	0.0947614	0.0087497	0.0592633	0.0229789	0.0627957	0.041689	0.0425503	0.0286831	0.143378	0.0781108	0.0821424	Healthy
0.0585133	0.108439	0.0821575	0.0645089	0.0333138	0.0870261	0.00818194	0.0558987	0.0233963	0.0594599	0.0421269	0.03967	0.0309471	0.136478	0.084727	0.0851553	Breast_Cancer
0.0482247	0.103864	0.0862155	0.0568087	0.0353592	0.0902256	0.0101921	0.0647243	0.0245196	0.0654762	0.049812	0.0430242	0.0276734	0.128843	0.0888262	0.0762114	Colorectal_Cancer
0.049573	0.105207	0.08329	0.0628731	0.0356454	0.0909731	0.00854021	0.0602253	0.0231106	0.0636842	0.0445989	0.042349	0.0284214	0.138434	0.0833512	0.0797239	Healthy
0.05379	0.106151	0.0834891	0.060527	0.0369476	0.0904906	0.00894148	0.0537018	0.0238969	0.0625727	0.0448309	0.0394695	0.0305809	0.137985	0.0865931	0.0800325	Ovarian_Cancer
0.0538534	0.111539	0.0869286	0.0583426	0.0320491	0.0853254	0.00883395	0.0553284	0.0220608	0.0609238	0.0411717	0.0387828	0.0301573	0.146025	0.0838824	0.0847963	Breast_Cancer
0.0531823	0.102407	0.0831617	0.0657053	0.0361596	0.084517	0.00861975	0.0596335	0.0249377	0.0625068	0.0472189	0.045701	0.0329611	0.128863	0.0851133	0.0793126	Lung_Cancer
0.0528884	0.107323	0.0817722	0.0618193	0.0346345	0.0898536	0.00886556	0.0604688	0.0232639	0.061449	0.0441535	0.0427812	0.0294502	0.135859	0.0836891	0.0817287	Healthy
0.0504742	0.10993700000000001	0.0809637	0.0593007	0.0360941	0.0947736	0.00853908	0.0587352	0.0240086	0.0656193	0.0435484	0.0412398	0.0280464	0.139657	0.0813114	0.0777511	Healthy
0.0514575	0.108755	0.0805615	0.0640708	0.0356909	0.0871251	0.00875923	0.059189	0.0229141	0.0613146	0.0439129	0.0421844	0.0297347	0.140638	0.0836448	0.0800477	Healthy
0.0532357	0.102272	0.0839884	0.0609669	0.0379886	0.0863142	0.00910951	0.058878	0.0247873	0.0586626	0.0463444	0.0412835	0.0320663	0.134963	0.0870679	0.0820717	Healthy
0.0552758	0.109335	0.0775106	0.0659406	0.0332673	0.0887977	0.00800566	0.0601132	0.0247808	0.0620085	0.0370297	0.0419519	0.0313437	0.138133	0.0801132	0.0863932	Breast_Cancer
0.0515253	0.109152	0.0779787	0.0639447	0.0346814	0.0934875	0.00869363	0.0585112	0.0232555	0.0646278	0.0429403	0.0441823	0.0279749	0.136009	0.082636	0.0804005	Ovarian_Cancer
0.0490008	0.101627	0.0812993	0.0613278	0.0373498	0.0894723	0.00963547	0.0715901	0.0249859	0.0647076	0.0462724	0.0453629	0.0262763	0.12665	0.0824423	0.0819999	Colorectal_Cancer
0.0525343	0.106958	0.0902818	0.0541362	0.0336126	0.0893507	0.00914592	0.0545333	0.0235083	0.0620499	0.0471946	0.0387196	0.0270955	0.142748	0.0924176	0.075714	Healthy
0.0534925	0.110562	0.0714491	0.0654995	0.0399935	0.0997412	0.00801668	0.0611137	0.0250746	0.0672071	0.039652	0.0415573	0.0302333	0.134738	0.0740554	0.0776144	Breast_Cancer
0.0523585	0.112867	0.0814483	0.0613898	0.0326159	0.0935733	0.00836604	0.0561673	0.0227031	0.0627037	0.0419134	0.0406826	0.0289901	0.143603	0.0816646	0.0789535	Healthy
0.0527583	0.108548	0.0840106	0.060497	0.03485	0.0877284	0.00871107	0.0551091	0.0231132	0.0618812	0.0423714	0.0394372	0.030709	0.141568	0.0862184	0.0824892	Healthy
0.053875	0.112617	0.0818982	0.0624672	0.0330962	0.090322	0.00823662	0.0569262	0.0226881	0.0642269	0.043261	0.0415949	0.0289592	0.138319	0.0809247	0.0805878	Breast_Cancer
0.0504985	0.105553	0.0850711	0.0589855	0.0378202	0.089308	0.00984067	0.0563366	0.0238662	0.0606386	0.0460468	0.0396881	0.031455	0.136279	0.0878502	0.0807625	Healthy
0.0555056	0.107262	0.0805468	0.0604039	0.0366372	0.082721	0.00824711	0.0559804	0.0240666	0.064452400000000007	0.0403609	0.039936	0.0319888	0.146649	0.0808967	0.0843455	Pancreatic_Cancer
0.0527673	0.108078	0.074518	0.0606815	0.0371167	0.0891549	0.00855446	0.0593477	0.026517	0.065021	0.0425767	0.0417052	0.0306609	0.141282	0.0789286	0.0830903	Healthy
0.0529068	0.105572	0.0925264	0.0575406	0.0374237	0.0874274	0.0099933	0.0555494	0.0229269	0.0600715	0.049278	0.040792	0.0283981	0.130304	0.0942385	0.0750521	Pancreatic_Cancer
0.0530241	0.108159	0.0789514	0.0643246	0.0386555	0.0895683	0.00890063	0.0603755	0.0237401	0.0604818	0.0434551	0.0436374	0.0311978	0.134968	0.0791033	0.0814575	Healthy
0.0560101	0.11186	0.0821303	0.0614373	0.0343813	0.0833868	0.00810074	0.0561972	0.0250508	0.0598599	0.0413859	0.0402898	0.0307721	0.141028	0.0813549	0.0867554	Healthy
0.0487916	0.106652	0.0783047	0.0651061	0.0380757	0.0908193	0.0084106	0.0630795	0.0248771	0.0637382	0.042585	0.0451183	0.0291078	0.132391	0.0802554	0.0826873	Healthy
0.0549033	0.110279	0.0806793	0.0645074	0.0346829	0.0911156	0.00780477	0.0583896	0.0234593	0.0620558	0.0425551	0.0414755	0.0295771	0.134121	0.084143	0.0802519	Lung_Cancer
0.0509222	0.108985	0.0797072	0.060547	0.0383875	0.0867132	0.00866237	0.058734	0.0240174	0.0605023	0.0436476	0.03982	0.0311801	0.141508	0.0871385	0.0795282	Lung_Cancer
0.0528539	0.10867	0.0801607	0.0653781	0.0346102	0.0870241	0.00771397	0.0568135	0.0236699	0.0591893	0.0410336	0.040359	0.0327624	0.141433	0.0854403	0.0828885	Healthy
0.054922	0.107472	0.0837971	0.0634522	0.0369036	0.0872411	0.00889517	0.0566098	0.0245187	0.0597117	0.0421951	0.0399142	0.0318858	0.135982	0.0846182	0.0818812	Healthy
0.0524924	0.107497	0.0838292	0.0622769	0.0369562	0.0909472	0.00894707	0.0580898	0.0228525	0.0633347	0.0445811	0.0421129	0.0298603	0.13187	0.085526	0.0788267	Pancreatic_Cancer
0.0494261	0.107	0.0861069	0.0647408	0.0340946	0.0912963	0.00848561	0.0637942	0.0229213	0.0619686	0.0446762	0.043307	0.0267922	0.131003	0.0845518	0.0798357	Bile_Duct_Cancer
0.056261	0.106741	0.085398	0.0595127	0.0369051	0.086869	0.00869722	0.0567771	0.0244916	0.0598741	0.0431248	0.0391504	0.0315113	0.137297	0.0874884	0.0799009	Healthy
0.0552749	0.11134	0.0817459	0.0634679	0.0351415	0.0874956	0.00815622	0.0565057	0.0235134	0.0632474	0.0388706	0.0388155	0.0300163	0.142477	0.0815254	0.0824072	Ovarian_Cancer
0.0518805	0.107499	0.0812763	0.0665005	0.0350023	0.0878563	0.00866298	0.0600568	0.0242758	0.0625876	0.0428477	0.0430813	0.0288312	0.135804	0.0819771	0.0818603	Ovarian_Cancer
0.0506738	0.105872	0.0818492	0.0576035	0.0402396	0.093526	0.00941473	0.0582566	0.0260617	0.0634817	0.0454647	0.0395387	0.0307771	0.1359	0.0864052	0.0749355	Pancreatic_Cancer
0.0518712	0.109719	0.0868009	0.0592378	0.0323981	0.0908364	0.00854685	0.0567823	0.0222332	0.063083	0.0422583	0.0408878	0.0273727	0.141565	0.0847832	0.0816233	Lung_Cancer
0.055081	0.106029	0.0842862	0.0621527	0.0353584	0.082656	0.0083804	0.0592368	0.0245442	0.0581347	0.0426826	0.0410754	0.0329935	0.138908	0.0827479	0.0857327	Healthy
0.0525629	0.113014	0.0788969	0.0605861	0.0363516	0.0934735	0.00875799	0.0568669	0.0247143	0.0658199	0.0413305	0.0395759	0.0290483	0.142317	0.0797966	0.0768873	Breast_Cancer
0.051198	0.107057	0.0761056	0.0667035	0.0370553	0.0962727	0.00772315	0.0672368	0.0274557	0.066506	0.0435143	0.0481759	0.0262311	0.124282	0.0747032	0.0797796	Bile_Duct_Cancer
0.0534245	0.108376	0.0799536	0.064989	0.0368515	0.0872424	0.00840867	0.0614464	0.0257146	0.0600619	0.041514	0.0423691	0.0313136	0.1346	0.0816231	0.0821117	Healthy
0.0504578	0.106801	0.0794597	0.0640406	0.0381326	0.0858235	0.00877855	0.0612738	0.0225123	0.0595885	0.0434903	0.0407737	0.030989	0.13769	0.0852701	0.084918	Healthy
0.0534495	0.105444	0.0840447	0.0584937	0.0391704	0.0844715	0.00913782	0.055603	0.0240959	0.060104	0.0463488	0.0409747	0.0316623	0.136776	0.0866638	0.0835597	Colorectal_Cancer
0.0520263	0.108158	0.0800592	0.0632615	0.0379878	0.0917358	0.00852022	0.0590235	0.027768	0.0640341	0.0455368	0.041652	0.0291365	0.130827	0.0794632	0.0808096	Pancreatic_Cancer
0.0487122	0.112053	0.0673033	0.068778	0.0376737	0.108895	0.00726959	0.0709231	0.0252052	0.0714147	0.0410106	0.0502763	0.0241028	0.12406	0.0657391	0.0765839	Breast_Cancer
0.0491872	0.107948	0.0878699	0.0573989	0.0323468	0.0909129	0.0088787	0.0557732	0.0231763	0.0638599	0.0460886	0.0404613	0.0274837	0.139961	0.0912741	0.0773795	Ovarian_Cancer
0.0524611	0.113899	0.0825829	0.0571287	0.0334755	0.091402	0.00851818	0.0541714	0.0223393	0.0646101	0.041688	0.0384775	0.0293192	0.149109	0.0843696	0.0764486	Healthy
0.0520866	0.109921	0.0781239	0.0640013	0.0367522	0.0954021	0.00803916	0.0630414	0.0243335	0.0650932	0.0414077	0.0434955	0.0270332	0.131218	0.0787238	0.0813275	Pancreatic_Cancer
0.0565297	0.111074	0.0788688	0.0660018	0.0364791	0.0938727	0.00806268	0.060167	0.0255066	0.0650774	0.0409196	0.044178	0.0285831	0.129715	0.0762621	0.0787021	Breast_Cancer
0.0501754	0.113689	0.0749888	0.0558483	0.0391616	0.0964967	0.00910836	0.0531345	0.0242505	0.0653464	0.0417888	0.038079	0.0301687	0.151176	0.0808493	0.0757394	Healthy
0.0527716	0.112038	0.0768076	0.0656136	0.0364538	0.095573	0.0078162	0.0607999	0.0250151	0.0646346	0.0423935	0.0443843	0.0280012	0.131717	0.0771666	0.0788147	Breast_Cancer
0.0539873	0.118178	0.0718811	0.0603234	0.037601	0.0942976	0.00823684	0.0535067	0.0233341	0.0644745	0.0385624	0.0388901	0.0325104	0.148591	0.0778894	0.0777365	Gastric_cancer
0.051974	0.111316	0.0798917	0.0636914	0.0336211	0.0877921	0.00825548	0.0598744	0.0228801	0.0635583	0.0431859	0.0402343	0.0266528	0.140498	0.0835978	0.0829764	Healthy
0.0521065	0.107086	0.0872866	0.0576863	0.0346305	0.0878985	0.00895061	0.055166	0.0229729	0.0620527	0.0444108	0.0395673	0.0301811	0.142608	0.0884586	0.0789375	Healthy
0.0516486	0.108166	0.0834725	0.0664997	0.0335977	0.0852462	0.00918197	0.0611088	0.0225723	0.0589872	0.0427449	0.0422927	0.0301544	0.132895	0.085281	0.0861505	Bile_Duct_Cancer
0.0524842	0.105417	0.0855807	0.0628913	0.0366095	0.0883277	0.00853166	0.0578462	0.0231649	0.060831	0.0453261	0.0441639	0.0302174	0.132914	0.0837053	0.0819884	Healthy
0.0539513	0.106817	0.0839138	0.0653319	0.0344013	0.0839138	0.0078861	0.0595944	0.0219819	0.0598777	0.0416499	0.0437986	0.028475	0.138337	0.0826624	0.0874082	Healthy
0.0568782	0.104991	0.0859688	0.0649563	0.0327387	0.0828892	0.00876507	0.0571388	0.0232393	0.0598868	0.0429015	0.0421908	0.0307014	0.137517	0.0835051	0.0857319	Healthy
0.053035	0.109983	0.080483	0.0562297	0.0388054	0.0874146	0.00908585	0.0557461	0.0256748	0.0624286	0.0427328	0.037208	0.0317858	0.145564	0.0862569	0.0775668	Healthy
0.0544983	0.104573	0.0809721	0.0631651	0.0381439	0.084873	0.00842201	0.0575994	0.0232911	0.0599334	0.0404289	0.0418979	0.0326271	0.139796	0.0839427	0.085836	Healthy
0.0525186	0.110452	0.0855236	0.0605714	0.0344522	0.0865973	0.00900985	0.0549227	0.023505	0.0607348	0.0433453	0.0404743	0.0304608	0.142827	0.0858037	0.0788012	Breast_Cancer
0.0527719	0.105469	0.0777626	0.0614177	0.0415597	0.0890495	0.00894481	0.058652	0.0253395	0.0580042	0.0430298	0.0398904	0.0336116	0.133325	0.0880777	0.0830946	Healthy
0.0524383	0.109386	0.0795665	0.060093100000000003	0.0362559	0.0896942	0.00896396	0.0602749	0.0237645	0.063475	0.0415651	0.0418742	0.0297465	0.140369	0.0812211	0.081312	Pancreatic_Cancer
0.0475518	0.106849	0.0860149	0.0604572	0.0368394	0.0900215	0.00932057	0.0654549	0.0238497	0.0603939	0.0463287	0.0429969	0.0278141	0.132301	0.0857197	0.0780861	Colorectal_Cancer
0.0473117	0.107646	0.0811252	0.0601531	0.0382978	0.0962314	0.00935363	0.0680346	0.0257961	0.067174	0.0468134	0.0445486	0.024709	0.126919	0.0810572	0.074829	Colorectal_Cancer
0.0487805	0.110923	0.0839501	0.0583677	0.0336794	0.0966917	0.00896627	0.0576474	0.0212111	0.0664647	0.0456013	0.0394417	0.027023	0.138816	0.0863842	0.0760519	Colorectal_Cancer
0.0522017	0.10697	0.0836348	0.061676	0.038107	0.0858283	0.00886752	0.0566121	0.0225889	0.0609759	0.044431	0.0389704	0.0329032	0.142324	0.0849882	0.078921	Healthy
0.0556034	0.109419	0.0804704	0.0627965	0.0349507	0.085104	0.00781095	0.0590455	0.0237197	0.0596854	0.0398711	0.0411509	0.0304936	0.141303	0.0808897	0.0876856	Healthy
0.0516548	0.109093	0.0877046	0.0533808	0.0359075	0.0897509	0.00898577	0.0522776	0.0239324	0.0615836	0.0457829	0.0367616	0.03121	0.14605	0.0890036	0.0769217	Healthy
0.05442	0.109014	0.0829319	0.0572191	0.0356073	0.0878141	0.00924359	0.0553747	0.0240637	0.0626872	0.0437226	0.0384065	0.0308337	0.142603	0.0858829	0.0801762	Healthy
0.0529299	0.104298	0.0867889	0.060916	0.034891900000000003	0.0825062	0.00889303	0.057389	0.0236812	0.0583967	0.0429536	0.0399809	0.0325238	0.141835	0.0883761	0.0836398	Healthy
0.0538625	0.107331	0.0819252	0.0653089	0.0360896	0.0892706	0.00865825	0.0603265	0.0234367	0.0604765	0.0421472	0.0415721	0.0290005	0.135206	0.0834193	0.081969	Healthy
0.0519087	0.105368	0.07838	0.0622093	0.040316	0.0859115	0.00937754	0.0601418	0.0269143	0.0643506	0.0450417	0.040796	0.0300524	0.137193	0.0821088	0.0799306	Healthy
0.0505161	0.108169	0.0823879	0.0626046	0.0371955	0.0876651	0.00929887	0.0583039	0.0222475	0.0616282	0.0431932	0.0426585	0.0286405	0.138204	0.0848521	0.0824344	Healthy
0.0521462	0.0998706	0.0790372	0.0568198	0.0470053	0.0873598	0.0111267	0.0553279	0.0280055	0.0569636	0.0478861	0.0393838	0.0355191	0.134311	0.0913863	0.0778509	Gastric_cancer
0.0530529	0.113195	0.0752377	0.061315	0.0367487	0.0945646	0.00855515	0.0558375	0.0241633	0.0630187	0.0418231	0.0410721	0.0310697	0.141774	0.0780955	0.080477	Breast_Cancer
0.0546269	0.109727	0.0778251	0.0626388	0.0371281	0.0906807	0.00854001	0.0580138	0.023526	0.0632215	0.0384391	0.0413708	0.0303726	0.141156	0.0784989	0.0842347	Healthy
0.0559871	0.11202	0.0755201	0.0642091	0.0359544	0.0852866	0.00776778	0.0604161	0.0236895	0.062165	0.0403834	0.0428137	0.0316617	0.139207	0.0779731	0.0849459	Lung_Cancer
0.0535846	0.106216	0.0850741	0.0614619	0.0334928	0.0871941	0.00896643	0.0594974	0.0234955	0.0599253	0.0432956	0.0416229	0.0301085	0.137433	0.0849574	0.0836737	Ovarian_Cancer
0.0346412	0.107069	0.0551552	0.0701594	0.0328491	0.0991955	0.00766415	0.0596164	0.0204377	0.0648593	0.0408755	0.0470525	0.0291123	0.149298	0.0865553	0.0954587	Gastric_cancer
0.0522111	0.109959	0.0867336	0.0573579	0.0357488	0.0901709	0.0089372	0.0547938	0.0227796	0.0628019	0.0436826	0.0395764	0.02945	0.141156	0.0881271	0.0765143	Ovarian_Cancer
0.0528258	0.109826	0.0821232	0.0626418	0.0360901	0.0910822	0.00896697	0.0575632	0.024068	0.0625387	0.0433906	0.0407958	0.0303607	0.134846	0.0833056	0.0795759	Healthy
0.0537397	0.102679	0.0737775	0.0589782	0.0485609	0.0861667	0.0101982	0.0563291	0.027328	0.0562693	0.0446171	0.038781	0.0365701	0.137516	0.0855492	0.0829399	Gastric_cancer
0.0512658	0.111407	0.0798783	0.0671147	0.034952	0.0899793	0.00779764	0.0621909	0.0244284	0.0626558	0.0409323	0.0423693	0.0274502	0.134145	0.0782723	0.0851612	Bile_Duct_Cancer
0.0509415	0.114897	0.0769438	0.0575253	0.0347637	0.0950045	0.00835148	0.0557961	0.0225311	0.0667862	0.0417446	0.0402459	0.0280133	0.14943	0.0778788	0.0791469	Healthy
0.0514654	0.101217	0.0880407	0.0669463	0.0337982	0.0898133	0.0081541	0.0628693	0.0212125	0.0608012	0.0436658	0.045793	0.0261758	0.127748	0.0853226	0.0869771	Lung_Cancer
0.0514335	0.104188	0.0933882	0.0614171	0.0319323	0.0823168	0.0090902	0.0568332	0.0222205	0.0567943	0.0460337	0.0390801	0.0283972	0.14152	0.0920674	0.083288	Lung_Cancer
0.050709	0.108211	0.0874491	0.0561434	0.0334871	0.0902237	0.009606	0.0569663	0.0228095	0.065539	0.046193	0.039132	0.0274402	0.139785	0.0874299	0.0788764	Colorectal_Cancer
0.0537275	0.108054	0.0874062	0.0589282	0.0371008	0.0852409	0.00960869	0.0542108	0.0232387	0.0610742	0.0449501	0.0393241	0.0315328	0.139142	0.0865362	0.0799242	Healthy
0.0514975	0.108077	0.0809561	0.0620172	0.0351674	0.0932545	0.00897818	0.059527	0.024817	0.0655407	0.0461783	0.0399106	0.0281881	0.134724	0.0830058	0.078161	Lung_Cancer
0.0540441	0.107585	0.0830253	0.0604613	0.0355464	0.0878161	0.00881266	0.0546947	0.0235546	0.062354	0.0444034	0.041801	0.0303564	0.139199	0.0865001	0.0798462	Lung_Cancer
0.0573489	0.109245	0.0832863	0.0587392	0.0392101	0.0882609	0.00940609	0.0566538	0.0249381	0.060086	0.0432506	0.0408177	0.0316288	0.136377	0.0822218	0.0785289	Healthy
0.0544558	0.1122	0.0830812	0.0598487	0.0321605	0.0899868	0.00874712	0.0554916	0.0235449	0.0635975	0.0448701	0.0402335	0.0284775	0.141039	0.0836896	0.0785761	Breast_Cancer
0.0439126	0.0930429	0.0652625	0.056614	0.0638104	0.103973	0.0123504	0.0630924	0.0346577	0.0640179	0.0548588	0.0418063	0.0339078	0.119499	0.0825594	0.0666348	Lung_Cancer
0.0512881	0.11371	0.079746	0.0591261	0.034701	0.0915053	0.0082499200000000009	0.0560626	0.0233635	0.0639926	0.0406049	0.039364	0.0305712	0.145896	0.0812826	0.0805361	Healthy
0.0522108	0.113233	0.0803738	0.0574099	0.0341161	0.0937721	0.00860756	0.0534202	0.0226184	0.0675724	0.0402576	0.0396293	0.0289641	0.150601	0.0793372	0.0778764	Healthy
0.0489288	0.113611	0.0795463	0.0599563	0.035566	0.0935577	0.00828453	0.0613092	0.0231856	0.0641078	0.0405886	0.0416636	0.0261695	0.143691	0.0806398	0.0791942	Pancreatic_Cancer
0.0519887	0.105481	0.0804626	0.0626994	0.0349979	0.0869866	0.00898319	0.0623742	0.0251814	0.0620491	0.0459931	0.0442453	0.0289616	0.134219	0.0826372	0.0827389	Lung_Cancer
0.0513466	0.110298	0.0801134	0.059531	0.0359712	0.0938384	0.00863242	0.0584364	0.0233712	0.0650345	0.0425255	0.0400399	0.0290195	0.142491	0.0819693	0.0773819	Healthy
0.0497248	0.106388	0.0812226	0.0613386	0.0349302	0.0902622	0.00898035	0.0598296	0.0227394	0.0620192	0.0421795	0.042579	0.0295005	0.139647	0.0837821	0.0848769	Healthy
0.0479559	0.109995	0.0867546	0.0561366	0.0341333	0.09691	0.00926569	0.0591529	0.022459	0.0675072	0.0451133	0.0405564	0.0267989	0.137119	0.0853876	0.0747548	Colorectal_Cancer
0.0526606	0.101298	0.0860525	0.0577424	0.037902	0.0855655	0.0103754	0.0547356	0.0250492	0.0586952	0.0462024	0.0390455	0.0318674	0.140343	0.0895462	0.0829187	Healthy
0.0515143	0.101875	0.0874196	0.0622147	0.0365189	0.0824866	0.00993963	0.0599323	0.0243459	0.058926	0.0443479	0.0412065	0.031316	0.136578	0.087616	0.0837628	Healthy
0.0492283	0.109641	0.0775457	0.0562706	0.0387864	0.0935325	0.00945713	0.0570261	0.0243376	0.0620312	0.0431169	0.03853	0.0308807	0.148279	0.0829286	0.0784092	Healthy
0.0465325	0.0955613	0.0689338	0.057131	0.0420435	0.0916855	0.00919701	0.0560142	0.026956	0.0599777	0.0458756	0.0414085	0.0330873	0.145313	0.0974883	0.082795	Gastric_cancer
0.0509983	0.113114	0.080334	0.0597478	0.0338912	0.095512	0.0086375	0.0575303	0.0225626	0.0666974	0.0423436	0.0401347	0.0281688	0.142863	0.0801876	0.0772768	Healthy
0.0531997	0.108364	0.0814479	0.0621415	0.0384772	0.0859414	0.00941607	0.0578738	0.0242966	0.0620964	0.0457481	0.041932	0.0303708	0.134286	0.0830511	0.0813575	Healthy
0.0511982	0.107385	0.0784682	0.0634063	0.03649	0.100896	0.00890298	0.0649186	0.0251235	0.0695408	0.0451979	0.0457589	0.0254772	0.126069	0.0768827	0.074285	Colorectal_Cancer
0.0522028	0.108989	0.0859964	0.0606094	0.0380804	0.0880748	0.00968712	0.055005	0.0253869	0.0616487	0.0471365	0.0413651	0.0304161	0.130312	0.0870356	0.0780537	Pancreatic_Cancer
0.0512088	0.112607	0.0765596	0.0570646	0.0356708	0.0953009	0.00872565	0.0556731	0.0237274	0.0653989	0.0401351	0.0404395	0.0290758	0.149699	0.0789802	0.0797339	Healthy
0.0509793	0.108201	0.0693162	0.0719336	0.0384037	0.101974	0.00800265	0.0733927	0.0260537	0.0681729	0.0399982	0.0514155	0.0252715	0.117227	0.0699179	0.0797407	Lung_Cancer
0.0512446	0.111428	0.0813245	0.0627996	0.0340859	0.0866968	0.0090540699999999991	0.0608776	0.0219984	0.0598356	0.0411485	0.0410328	0.0295936	0.142063	0.0814403	0.0853769	Healthy
0.0240185	0.0652596	0.0459982	0.0349307	0.108811	0.114287	0.0206788	0.0398237	0.0483088	0.049901	0.0804823	0.0269698	0.0588909	0.106617	0.136111	0.0389111	Gastric_cancer
0.0540414	0.104945	0.0837548	0.0581156	0.0385876	0.0852299	0.00981081	0.0550482	0.02489	0.0605039	0.0445116	0.0366442	0.0335066	0.138428	0.0898895	0.082092300000000007	Healthy
0.0521409	0.110238	0.0752331	0.0613562	0.0406379	0.0939442	0.00938795	0.055076	0.0259194	0.062241	0.0407674	0.0388035	0.0329118	0.14233	0.0797004	0.079312	Breast_Cancer
0.0525482	0.109381	0.0831347	0.0575908	0.0367589	0.0918698	0.00851463	0.0558411	0.0238492	0.0637908	0.0435651	0.0388669	0.0301456	0.142654	0.0836583	0.0778303	Healthy
0.051311	0.105284	0.0876967	0.0587737	0.034288	0.0831384	0.00943929	0.0571198	0.0229125	0.0612747	0.0493747	0.0407422	0.029044	0.13336	0.0931021	0.0831384	Lung_Cancer
0.0374231	0.0990145	0.0517164	0.0629963	0.0476035	0.104288	0.0109337	0.0620393	0.0253288	0.0642587	0.0429002	0.0416785	0.0327605	0.14615	0.0857597	0.0851488	Gastric_cancer
0.0514209	0.109942	0.0833707	0.0560287	0.0373465	0.0893052	0.00842671	0.0564052	0.021264	0.0630031	0.042797	0.0377589	0.0313223	0.146697	0.0871896	0.077723	Healthy
0.0510424	0.113173	0.0798552	0.0620569	0.0319885	0.0929798	0.00781778	0.0589973	0.0228414	0.0648422	0.0403338	0.0409457	0.0267345	0.143368	0.0780933	0.0849299	Gastric_cancer
0.0546691	0.109133	0.0849076	0.0587725	0.0339315	0.086833	0.00871171	0.0562631	0.0225526	0.0615501	0.0419014	0.0403706	0.0308382	0.143396	0.0849549	0.0812146	Breast_Cancer
0.0545032	0.104182	0.0797464	0.062852	0.0385933	0.0872288	0.0088804	0.0565116	0.0276651	0.0625172	0.0472571	0.0414878	0.0303036	0.13039	0.0885283	0.0793526	Bile_Duct_Cancer
0.0529069	0.104601	0.0840552	0.0616035	0.0362068	0.0890791	0.00907768	0.0550204	0.025466	0.063128	0.0459081	0.0444183	0.0311136	0.129582	0.0879357	0.0798974	Lung_Cancer
0.047619	0.105157	0.0845452	0.0588619	0.0375779	0.093568	0.0108355	0.0653998	0.0249705	0.0661738	0.0488818	0.0426494	0.0262129	0.127969	0.08481	0.0747688	Colorectal_Cancer
