sequence	count
AA	5187
AC	11021
AG	8652
AT	5488
CA	3465
CC	11767
CG	1794
CT	5854
GA	2441
GC	8630
GG	5432
GT	3986
TA	3164
TC	16049
TG	8360
TT	7878
