sequence	count
AAAAAA	18
AAAAAC	4
AAAAAG	6
AAAAAT	3
AAAACA	10
AAAACC	10
AAAACG	0
AAAACT	4
AAAAGA	5
AAAAGC	3
AAAAGG	3
AAAAGT	3
AAAATA	3
AAAATC	2
AAAATG	3
AAAATT	0
AAACAA	13
AAACAC	8
AAACAG	12
AAACAT	6
AAACCA	24
AAACCC	13
AAACCG	2
AAACCT	13
AAACGA	1
AAACGC	1
AAACGG	2
AAACGT	0
AAACTA	8
AAACTC	4
AAACTG	6
AAACTT	7
AAAGAA	10
AAAGAC	3
AAAGAG	10
AAAGAT	2
AAAGCA	14
AAAGCC	7
AAAGCG	2
AAAGCT	8
AAAGGA	14
AAAGGC	1
AAAGGG	6
AAAGGT	5
AAAGTA	1
AAAGTC	1
AAAGTG	0
AAAGTT	3
AAATAA	9
AAATAC	6
AAATAG	5
AAATAT	1
AAATCA	2
AAATCC	3
AAATCG	1
AAATCT	3
AAATGA	10
AAATGC	9
AAATGG	7
AAATGT	15
AAATTA	2
AAATTC	3
AAATTG	3
AAATTT	2
AACAAA	4
AACAAC	1
AACAAG	2
AACAAT	0
AACACA	3
AACACC	1
AACACG	1
AACACT	1
AACAGA	1
AACAGC	2
AACAGG	1
AACAGT	0
AACATA	2
AACATC	1
AACATG	2
AACATT	1
AACCAA	6
AACCAC	3
AACCAG	9
AACCAT	4
AACCCA	16
AACCCC	10
AACCCG	0
AACCCT	8
AACCGA	0
AACCGC	1
AACCGG	0
AACCGT	0
AACCTA	1
AACCTC	4
AACCTG	2
AACCTT	9
AACGAA	0
AACGAC	2
AACGAG	0
AACGAT	0
AACGCA	0
AACGCC	2
AACGCG	0
AACGCT	0
AACGGA	1
AACGGC	0
AACGGG	1
AACGGT	0
AACGTA	0
AACGTC	0
AACGTG	0
AACGTT	0
AACTAA	1
AACTAC	0
AACTAG	1
AACTAT	0
AACTCA	2
AACTCC	3
AACTCG	1
AACTCT	2
AACTGA	6
AACTGC	3
AACTGG	3
AACTGT	2
AACTTA	1
AACTTC	2
AACTTG	0
AACTTT	3
AAGAAA	4
AAGAAC	0
AAGAAG	3
AAGAAT	1
AAGACA	5
AAGACC	0
AAGACG	2
AAGACT	3
AAGAGA	5
AAGAGC	0
AAGAGG	1
AAGAGT	3
AAGATA	0
AAGATC	0
AAGATG	3
AAGATT	1
AAGCAA	7
AAGCAC	2
AAGCAG	13
AAGCAT	3
AAGCCA	14
AAGCCC	8
AAGCCG	1
AAGCCT	13
AAGCGA	1
AAGCGC	0
AAGCGG	1
AAGCGT	1
AAGCTA	2
AAGCTC	2
AAGCTG	2
AAGCTT	3
AAGGAA	7
AAGGAC	2
AAGGAG	2
AAGGAT	1
AAGGCA	4
AAGGCC	5
AAGGCG	0
AAGGCT	8
AAGGGA	3
AAGGGC	4
AAGGGG	2
AAGGGT	4
AAGGTA	1
AAGGTC	2
AAGGTG	0
AAGGTT	0
AAGTAA	7
AAGTAC	1
AAGTAG	4
AAGTAT	4
AAGTCA	3
AAGTCC	3
AAGTCG	1
AAGTCT	3
AAGTGA	7
AAGTGC	1
AAGTGG	2
AAGTGT	6
AAGTTA	2
AAGTTC	0
AAGTTG	2
AAGTTT	2
AATAAA	5
AATAAC	3
AATAAG	1
AATAAT	1
AATACA	2
AATACC	2
AATACG	0
AATACT	1
AATAGA	3
AATAGC	1
AATAGG	2
AATAGT	0
AATATA	2
AATATC	0
AATATG	0
AATATT	3
AATCAA	6
AATCAC	2
AATCAG	4
AATCAT	4
AATCCA	6
AATCCC	16
AATCCG	1
AATCCT	10
AATCGA	0
AATCGC	1
AATCGG	1
AATCGT	1
AATCTA	3
AATCTC	7
AATCTG	0
AATCTT	3
AATGAA	3
AATGAC	4
AATGAG	0
AATGAT	2
AATGCA	3
AATGCC	4
AATGCG	0
AATGCT	3
AATGGA	6
AATGGC	4
AATGGG	6
AATGGT	5
AATGTA	3
AATGTC	1
AATGTG	4
AATGTT	1
AATTAA	2
AATTAC	1
AATTAG	5
AATTAT	2
AATTCA	0
AATTCC	2
AATTCG	0
AATTCT	3
AATTGA	3
AATTGC	1
AATTGG	2
AATTGT	4
AATTTA	2
AATTTC	0
AATTTG	3
AATTTT	4
ACAAAA	15
ACAAAC	7
ACAAAG	7
ACAAAT	1
ACAACA	12
ACAACC	7
ACAACG	1
ACAACT	6
ACAAGA	12
ACAAGC	7
ACAAGG	4
ACAAGT	1
ACAATA	1
ACAATC	3
ACAATG	2
ACAATT	1
ACACAA	26
ACACAC	48
ACACAG	26
ACACAT	14
ACACCA	37
ACACCC	32
ACACCG	3
ACACCT	40
ACACGA	7
ACACGC	4
ACACGG	3
ACACGT	4
ACACTA	5
ACACTC	12
ACACTG	15
ACACTT	13
ACAGAA	22
ACAGAC	11
ACAGAG	11
ACAGAT	10
ACAGCA	19
ACAGCC	32
ACAGCG	2
ACAGCT	14
ACAGGA	27
ACAGGC	13
ACAGGG	11
ACAGGT	13
ACAGTA	2
ACAGTC	2
ACAGTG	5
ACAGTT	7
ACATAA	12
ACATAC	6
ACATAG	8
ACATAT	10
ACATCA	6
ACATCC	7
ACATCG	1
ACATCT	8
ACATGA	22
ACATGC	12
ACATGG	16
ACATGT	17
ACATTA	5
ACATTC	3
ACATTG	4
ACATTT	4
ACCAAA	5
ACCAAC	2
ACCAAG	3
ACCAAT	0
ACCACA	15
ACCACC	6
ACCACG	0
ACCACT	6
ACCAGA	5
ACCAGC	9
ACCAGG	2
ACCAGT	2
ACCATA	2
ACCATC	4
ACCATG	1
ACCATT	0
ACCCAA	10
ACCCAC	15
ACCCAG	15
ACCCAT	7
ACCCCA	24
ACCCCC	27
ACCCCG	4
ACCCCT	17
ACCCGA	1
ACCCGC	3
ACCCGG	0
ACCCGT	4
ACCCTA	4
ACCCTC	10
ACCCTG	9
ACCCTT	3
ACCGAA	0
ACCGAC	1
ACCGAG	1
ACCGAT	0
ACCGCA	3
ACCGCC	5
ACCGCG	0
ACCGCT	2
ACCGGA	2
ACCGGC	0
ACCGGG	0
ACCGGT	1
ACCGTA	0
ACCGTC	0
ACCGTG	0
ACCGTT	1
ACCTAA	4
ACCTAC	4
ACCTAG	2
ACCTAT	8
ACCTCA	8
ACCTCC	12
ACCTCG	0
ACCTCT	9
ACCTGA	13
ACCTGC	9
ACCTGG	9
ACCTGT	9
ACCTTA	1
ACCTTC	3
ACCTTG	2
ACCTTT	0
ACGAAA	1
ACGAAC	0
ACGAAG	1
ACGAAT	0
ACGACA	1
ACGACC	0
ACGACG	0
ACGACT	0
ACGAGA	1
ACGAGC	0
ACGAGG	1
ACGAGT	2
ACGATA	0
ACGATC	0
ACGATG	1
ACGATT	1
ACGCAA	0
ACGCAC	3
ACGCAG	4
ACGCAT	0
ACGCCA	3
ACGCCC	6
ACGCCG	1
ACGCCT	11
ACGCGA	0
ACGCGC	1
ACGCGG	0
ACGCGT	3
ACGCTA	0
ACGCTC	2
ACGCTG	0
ACGCTT	2
ACGGAA	1
ACGGAC	2
ACGGAG	0
ACGGAT	0
ACGGCA	2
ACGGCC	2
ACGGCG	0
ACGGCT	1
ACGGGA	3
ACGGGC	1
ACGGGG	0
ACGGGT	2
ACGGTA	1
ACGGTC	0
ACGGTG	0
ACGGTT	0
ACGTAA	1
ACGTAC	3
ACGTAG	1
ACGTAT	1
ACGTCA	1
ACGTCC	3
ACGTCG	1
ACGTCT	1
ACGTGA	4
ACGTGC	5
ACGTGG	4
ACGTGT	2
ACGTTA	0
ACGTTC	1
ACGTTG	1
ACGTTT	1
ACTAAA	7
ACTAAC	1
ACTAAG	2
ACTAAT	1
ACTACA	5
ACTACC	8
ACTACG	0
ACTACT	3
ACTAGA	3
ACTAGC	2
ACTAGG	2
ACTAGT	1
ACTATA	2
ACTATC	0
ACTATG	0
ACTATT	3
ACTCAA	15
ACTCAC	14
ACTCAG	10
ACTCAT	10
ACTCCA	30
ACTCCC	22
ACTCCG	3
ACTCCT	44
ACTCGA	3
ACTCGC	2
ACTCGG	5
ACTCGT	3
ACTCTA	6
ACTCTC	7
ACTCTG	8
ACTCTT	11
ACTGAA	8
ACTGAC	9
ACTGAG	2
ACTGAT	1
ACTGCA	12
ACTGCC	20
ACTGCG	0
ACTGCT	17
ACTGGA	10
ACTGGC	13
ACTGGG	10
ACTGGT	11
ACTGTA	2
ACTGTC	3
ACTGTG	6
ACTGTT	9
ACTTAA	6
ACTTAC	9
ACTTAG	9
ACTTAT	8
ACTTCA	12
ACTTCC	16
ACTTCG	1
ACTTCT	12
ACTTGA	17
ACTTGC	15
ACTTGG	13
ACTTGT	6
ACTTTA	0
ACTTTC	2
ACTTTG	0
ACTTTT	7
AGAAAA	9
AGAAAC	3
AGAAAG	2
AGAAAT	1
AGAACA	5
AGAACC	9
AGAACG	0
AGAACT	1
AGAAGA	4
AGAAGC	9
AGAAGG	6
AGAAGT	3
AGAATA	2
AGAATC	0
AGAATG	5
AGAATT	4
AGACAA	5
AGACAC	8
AGACAG	15
AGACAT	11
AGACCA	28
AGACCC	18
AGACCG	2
AGACCT	10
AGACGA	2
AGACGC	2
AGACGG	4
AGACGT	3
AGACTA	3
AGACTC	5
AGACTG	5
AGACTT	10
AGAGAA	3
AGAGAC	8
AGAGAG	7
AGAGAT	6
AGAGCA	5
AGAGCC	9
AGAGCG	4
AGAGCT	13
AGAGGA	15
AGAGGC	6
AGAGGG	13
AGAGGT	9
AGAGTA	2
AGAGTC	2
AGAGTG	2
AGAGTT	2
AGATAA	8
AGATAC	6
AGATAG	1
AGATAT	2
AGATCA	2
AGATCC	6
AGATCG	0
AGATCT	5
AGATGA	13
AGATGC	7
AGATGG	10
AGATGT	13
AGATTA	5
AGATTC	1
AGATTG	2
AGATTT	0
AGCAAA	4
AGCAAC	1
AGCAAG	1
AGCAAT	0
AGCACA	3
AGCACC	9
AGCACG	1
AGCACT	6
AGCAGA	4
AGCAGC	7
AGCAGG	1
AGCAGT	5
AGCATA	0
AGCATC	4
AGCATG	2
AGCATT	3
AGCCAA	8
AGCCAC	13
AGCCAG	13
AGCCAT	3
AGCCCA	24
AGCCCC	24
AGCCCG	1
AGCCCT	27
AGCCGA	6
AGCCGC	1
AGCCGG	0
AGCCGT	2
AGCCTA	3
AGCCTC	6
AGCCTG	13
AGCCTT	4
AGCGAA	0
AGCGAC	0
AGCGAG	0
AGCGAT	2
AGCGCA	1
AGCGCC	1
AGCGCG	0
AGCGCT	2
AGCGGA	1
AGCGGC	1
AGCGGG	1
AGCGGT	0
AGCGTA	0
AGCGTC	1
AGCGTG	1
AGCGTT	1
AGCTAA	3
AGCTAC	2
AGCTAG	3
AGCTAT	3
AGCTCA	7
AGCTCC	2
AGCTCG	1
AGCTCT	1
AGCTGA	9
AGCTGC	2
AGCTGG	12
AGCTGT	4
AGCTTA	1
AGCTTC	1
AGCTTG	0
AGCTTT	3
AGGAAA	9
AGGAAC	1
AGGAAG	4
AGGAAT	1
AGGACA	0
AGGACC	1
AGGACG	1
AGGACT	5
AGGAGA	2
AGGAGC	3
AGGAGG	6
AGGAGT	3
AGGATA	1
AGGATC	0
AGGATG	3
AGGATT	0
AGGCAA	10
AGGCAC	8
AGGCAG	22
AGGCAT	8
AGGCCA	20
AGGCCC	19
AGGCCG	6
AGGCCT	19
AGGCGA	0
AGGCGC	3
AGGCGG	8
AGGCGT	2
AGGCTA	4
AGGCTC	1
AGGCTG	14
AGGCTT	9
AGGGAA	4
AGGGAC	2
AGGGAG	8
AGGGAT	2
AGGGCA	17
AGGGCC	16
AGGGCG	1
AGGGCT	7
AGGGGA	4
AGGGGC	6
AGGGGG	5
AGGGGT	6
AGGGTA	3
AGGGTC	1
AGGGTG	2
AGGGTT	2
AGGTAA	5
AGGTAC	5
AGGTAG	5
AGGTAT	4
AGGTCA	5
AGGTCC	1
AGGTCG	0
AGGTCT	0
AGGTGA	14
AGGTGC	6
AGGTGG	11
AGGTGT	8
AGGTTA	0
AGGTTC	0
AGGTTG	3
AGGTTT	1
AGTAAA	4
AGTAAC	3
AGTAAG	1
AGTAAT	0
AGTACA	2
AGTACC	2
AGTACG	0
AGTACT	2
AGTAGA	3
AGTAGC	3
AGTAGG	3
AGTAGT	2
AGTATA	0
AGTATC	2
AGTATG	3
AGTATT	1
AGTCAA	8
AGTCAC	11
AGTCAG	8
AGTCAT	6
AGTCCA	14
AGTCCC	24
AGTCCG	2
AGTCCT	23
AGTCGA	1
AGTCGC	1
AGTCGG	1
AGTCGT	2
AGTCTA	0
AGTCTC	4
AGTCTG	5
AGTCTT	7
AGTGAA	7
AGTGAC	5
AGTGAG	6
AGTGAT	6
AGTGCA	13
AGTGCC	6
AGTGCG	0
AGTGCT	17
AGTGGA	6
AGTGGC	5
AGTGGG	9
AGTGGT	18
AGTGTA	1
AGTGTC	2
AGTGTG	3
AGTGTT	3
AGTTAA	0
AGTTAC	3
AGTTAG	1
AGTTAT	3
AGTTCA	7
AGTTCC	1
AGTTCG	0
AGTTCT	8
AGTTGA	7
AGTTGC	1
AGTTGG	4
AGTTGT	5
AGTTTA	1
AGTTTC	2
AGTTTG	0
AGTTTT	3
ATAAAA	12
ATAAAC	3
ATAAAG	7
ATAAAT	4
ATAACA	11
ATAACC	6
ATAACG	2
ATAACT	3
ATAAGA	7
ATAAGC	7
ATAAGG	6
ATAAGT	7
ATAATA	0
ATAATC	1
ATAATG	0
ATAATT	2
ATACAA	16
ATACAC	9
ATACAG	11
ATACAT	6
ATACCA	11
ATACCC	18
ATACCG	1
ATACCT	17
ATACGA	0
ATACGC	1
ATACGG	2
ATACGT	4
ATACTA	3
ATACTC	5
ATACTG	5
ATACTT	6
ATAGAA	6
ATAGAC	1
ATAGAG	3
ATAGAT	2
ATAGCA	4
ATAGCC	5
ATAGCG	1
ATAGCT	8
ATAGGA	5
ATAGGC	3
ATAGGG	2
ATAGGT	2
ATAGTA	2
ATAGTC	2
ATAGTG	2
ATAGTT	4
ATATAA	8
ATATAC	2
ATATAG	1
ATATAT	13
ATATCA	3
ATATCC	5
ATATCG	0
ATATCT	6
ATATGA	10
ATATGC	2
ATATGG	3
ATATGT	14
ATATTA	0
ATATTC	3
ATATTG	3
ATATTT	4
ATCAAA	7
ATCAAC	3
ATCAAG	0
ATCAAT	2
ATCACA	4
ATCACC	9
ATCACG	2
ATCACT	6
ATCAGA	5
ATCAGC	2
ATCAGG	3
ATCAGT	2
ATCATA	1
ATCATC	1
ATCATG	3
ATCATT	6
ATCCAA	5
ATCCAC	8
ATCCAG	7
ATCCAT	1
ATCCCA	27
ATCCCC	11
ATCCCG	1
ATCCCT	8
ATCCGA	1
ATCCGC	2
ATCCGG	1
ATCCGT	0
ATCCTA	5
ATCCTC	5
ATCCTG	8
ATCCTT	5
ATCGAA	1
ATCGAC	0
ATCGAG	1
ATCGAT	0
ATCGCA	0
ATCGCC	2
ATCGCG	0
ATCGCT	4
ATCGGA	0
ATCGGC	2
ATCGGG	0
ATCGGT	0
ATCGTA	0
ATCGTC	0
ATCGTG	0
ATCGTT	1
ATCTAA	6
ATCTAC	5
ATCTAG	2
ATCTAT	3
ATCTCA	8
ATCTCC	9
ATCTCG	0
ATCTCT	2
ATCTGA	6
ATCTGC	8
ATCTGG	9
ATCTGT	11
ATCTTA	1
ATCTTC	2
ATCTTG	3
ATCTTT	2
ATGAAA	4
ATGAAC	0
ATGAAG	3
ATGAAT	1
ATGACA	5
ATGACC	1
ATGACG	1
ATGACT	6
ATGAGA	7
ATGAGC	5
ATGAGG	5
ATGAGT	0
ATGATA	0
ATGATC	1
ATGATG	0
ATGATT	3
ATGCAA	11
ATGCAC	11
ATGCAG	6
ATGCAT	7
ATGCCA	14
ATGCCC	11
ATGCCG	3
ATGCCT	34
ATGCGA	2
ATGCGC	1
ATGCGG	0
ATGCGT	1
ATGCTA	3
ATGCTC	3
ATGCTG	4
ATGCTT	9
ATGGAA	4
ATGGAC	1
ATGGAG	1
ATGGAT	4
ATGGCA	10
ATGGCC	12
ATGGCG	0
ATGGCT	8
ATGGGA	7
ATGGGC	4
ATGGGG	1
ATGGGT	10
ATGGTA	0
ATGGTC	2
ATGGTG	4
ATGGTT	1
ATGTAA	7
ATGTAC	5
ATGTAG	9
ATGTAT	11
ATGTCA	1
ATGTCC	4
ATGTCG	0
ATGTCT	5
ATGTGA	16
ATGTGC	6
ATGTGG	11
ATGTGT	15
ATGTTA	2
ATGTTC	1
ATGTTG	3
ATGTTT	2
ATTAAA	6
ATTAAC	3
ATTAAG	2
ATTAAT	1
ATTACA	13
ATTACC	7
ATTACG	0
ATTACT	4
ATTAGA	3
ATTAGC	5
ATTAGG	2
ATTAGT	5
ATTATA	1
ATTATC	0
ATTATG	3
ATTATT	1
ATTCAA	13
ATTCAC	9
ATTCAG	5
ATTCAT	16
ATTCCA	19
ATTCCC	32
ATTCCG	1
ATTCCT	26
ATTCGA	2
ATTCGC	1
ATTCGG	2
ATTCGT	0
ATTCTA	6
ATTCTC	11
ATTCTG	10
ATTCTT	3
ATTGAA	5
ATTGAC	2
ATTGAG	7
ATTGAT	1
ATTGCA	8
ATTGCC	5
ATTGCG	0
ATTGCT	12
ATTGGA	11
ATTGGC	5
ATTGGG	1
ATTGGT	3
ATTGTA	3
ATTGTC	1
ATTGTG	2
ATTGTT	4
ATTTAA	14
ATTTAC	7
ATTTAG	7
ATTTAT	12
ATTTCA	3
ATTTCC	9
ATTTCG	0
ATTTCT	13
ATTTGA	12
ATTTGC	9
ATTTGG	10
ATTTGT	21
ATTTTA	9
ATTTTC	3
ATTTTG	3
ATTTTT	4
CAAAAA	13
CAAAAC	6
CAAAAG	3
CAAAAT	1
CAAACA	9
CAAACC	11
CAAACG	4
CAAACT	5
CAAAGA	13
CAAAGC	10
CAAAGG	7
CAAAGT	5
CAAATA	3
CAAATC	4
CAAATG	9
CAAATT	2
CAACAA	13
CAACAC	11
CAACAG	9
CAACAT	8
CAACCA	14
CAACCC	25
CAACCG	8
CAACCT	14
CAACGA	1
CAACGC	1
CAACGG	3
CAACGT	2
CAACTA	1
CAACTC	7
CAACTG	10
CAACTT	3
CAAGAA	4
CAAGAC	10
CAAGAG	2
CAAGAT	5
CAAGCA	9
CAAGCC	10
CAAGCG	0
CAAGCT	6
CAAGGA	7
CAAGGC	8
CAAGGG	3
CAAGGT	8
CAAGTA	2
CAAGTC	2
CAAGTG	2
CAAGTT	2
CAATAA	13
CAATAC	7
CAATAG	5
CAATAT	8
CAATCA	10
CAATCC	2
CAATCG	1
CAATCT	10
CAATGA	7
CAATGC	5
CAATGG	7
CAATGT	7
CAATTA	5
CAATTC	3
CAATTG	1
CAATTT	2
CACAAA	5
CACAAC	0
CACAAG	1
CACAAT	0
CACACA	5
CACACC	6
CACACG	1
CACACT	1
CACAGA	4
CACAGC	4
CACAGG	6
CACAGT	3
CACATA	1
CACATC	2
CACATG	3
CACATT	1
CACCAA	8
CACCAC	7
CACCAG	7
CACCAT	2
CACCCA	19
CACCCC	11
CACCCG	4
CACCCT	16
CACCGA	2
CACCGC	0
CACCGG	2
CACCGT	3
CACCTA	7
CACCTC	9
CACCTG	9
CACCTT	11
CACGAA	0
CACGAC	1
CACGAG	1
CACGAT	1
CACGCA	2
CACGCC	2
CACGCG	0
CACGCT	2
CACGGA	0
CACGGC	0
CACGGG	0
CACGGT	1
CACGTA	1
CACGTC	0
CACGTG	2
CACGTT	0
CACTAA	0
CACTAC	2
CACTAG	0
CACTAT	1
CACTCA	4
CACTCC	2
CACTCG	1
CACTCT	4
CACTGA	11
CACTGC	10
CACTGG	7
CACTGT	8
CACTTA	4
CACTTC	3
CACTTG	2
CACTTT	2
CAGAAA	5
CAGAAC	2
CAGAAG	5
CAGAAT	3
CAGACA	7
CAGACC	5
CAGACG	0
CAGACT	4
CAGAGA	9
CAGAGC	6
CAGAGG	6
CAGAGT	5
CAGATA	0
CAGATC	2
CAGATG	5
CAGATT	1
CAGCAA	10
CAGCAC	11
CAGCAG	17
CAGCAT	9
CAGCCA	20
CAGCCC	24
CAGCCG	4
CAGCCT	21
CAGCGA	1
CAGCGC	2
CAGCGG	2
CAGCGT	3
CAGCTA	4
CAGCTC	9
CAGCTG	14
CAGCTT	5
CAGGAA	15
CAGGAC	3
CAGGAG	1
CAGGAT	3
CAGGCA	9
CAGGCC	6
CAGGCG	2
CAGGCT	10
CAGGGA	4
CAGGGC	6
CAGGGG	4
CAGGGT	6
CAGGTA	1
CAGGTC	3
CAGGTG	3
CAGGTT	0
CAGTAA	4
CAGTAC	2
CAGTAG	2
CAGTAT	0
CAGTCA	4
CAGTCC	3
CAGTCG	0
CAGTCT	4
CAGTGA	19
CAGTGC	8
CAGTGG	10
CAGTGT	9
CAGTTA	1
CAGTTC	4
CAGTTG	2
CAGTTT	1
CATAAA	4
CATAAC	1
CATAAG	1
CATAAT	1
CATACA	3
CATACC	2
CATACG	0
CATACT	2
CATAGA	2
CATAGC	0
CATAGG	2
CATAGT	4
CATATA	2
CATATC	0
CATATG	3
CATATT	4
CATCAA	7
CATCAC	9
CATCAG	13
CATCAT	9
CATCCA	16
CATCCC	31
CATCCG	8
CATCCT	49
CATCGA	1
CATCGC	4
CATCGG	3
CATCGT	4
CATCTA	12
CATCTC	13
CATCTG	7
CATCTT	12
CATGAA	7
CATGAC	4
CATGAG	2
CATGAT	4
CATGCA	11
CATGCC	11
CATGCG	0
CATGCT	9
CATGGA	12
CATGGC	9
CATGGG	8
CATGGT	17
CATGTA	3
CATGTC	1
CATGTG	7
CATGTT	2
CATTAA	2
CATTAC	2
CATTAG	6
CATTAT	2
CATTCA	7
CATTCC	4
CATTCG	0
CATTCT	11
CATTGA	8
CATTGC	9
CATTGG	2
CATTGT	6
CATTTA	3
CATTTC	3
CATTTG	4
CATTTT	8
CCAAAA	11
CCAAAC	13
CCAAAG	12
CCAAAT	5
CCAACA	12
CCAACC	19
CCAACG	1
CCAACT	4
CCAAGA	19
CCAAGC	11
CCAAGG	14
CCAAGT	11
CCAATA	2
CCAATC	4
CCAATG	4
CCAATT	2
CCACAA	31
CCACAC	32
CCACAG	54
CCACAT	35
CCACCA	70
CCACCC	79
CCACCG	10
CCACCT	69
CCACGA	15
CCACGC	7
CCACGG	9
CCACGT	16
CCACTA	8
CCACTC	9
CCACTG	13
CCACTT	18
CCAGAA	15
CCAGAC	10
CCAGAG	12
CCAGAT	5
CCAGCA	35
CCAGCC	59
CCAGCG	4
CCAGCT	31
CCAGGA	34
CCAGGC	37
CCAGGG	13
CCAGGT	13
CCAGTA	3
CCAGTC	4
CCAGTG	7
CCAGTT	3
CCATAA	6
CCATAC	3
CCATAG	9
CCATAT	9
CCATCA	12
CCATCC	22
CCATCG	1
CCATCT	21
CCATGA	17
CCATGC	14
CCATGG	16
CCATGT	22
CCATTA	2
CCATTC	4
CCATTG	1
CCATTT	6
CCCAAA	7
CCCAAC	7
CCCAAG	11
CCCAAT	0
CCCACA	7
CCCACC	10
CCCACG	1
CCCACT	6
CCCAGA	5
CCCAGC	13
CCCAGG	10
CCCAGT	4
CCCATA	0
CCCATC	4
CCCATG	3
CCCATT	3
CCCCAA	21
CCCCAC	19
CCCCAG	22
CCCCAT	16
CCCCCA	41
CCCCCC	16
CCCCCG	9
CCCCCT	21
CCCCGA	5
CCCCGC	9
CCCCGG	8
CCCCGT	9
CCCCTA	5
CCCCTC	11
CCCCTG	20
CCCCTT	7
CCCGAA	1
CCCGAC	1
CCCGAG	5
CCCGAT	0
CCCGCA	2
CCCGCC	8
CCCGCG	0
CCCGCT	2
CCCGGA	3
CCCGGC	5
CCCGGG	2
CCCGGT	3
CCCGTA	0
CCCGTC	0
CCCGTG	0
CCCGTT	2
CCCTAA	1
CCCTAC	8
CCCTAG	9
CCCTAT	8
CCCTCA	12
CCCTCC	21
CCCTCG	3
CCCTCT	19
CCCTGA	20
CCCTGC	27
CCCTGG	11
CCCTGT	23
CCCTTA	0
CCCTTC	2
CCCTTG	1
CCCTTT	3
CCGAAA	0
CCGAAC	0
CCGAAG	1
CCGAAT	0
CCGACA	0
CCGACC	2
CCGACG	0
CCGACT	0
CCGAGA	5
CCGAGC	0
CCGAGG	2
CCGAGT	2
CCGATA	0
CCGATC	1
CCGATG	0
CCGATT	0
CCGCAA	3
CCGCAC	0
CCGCAG	3
CCGCAT	3
CCGCCA	5
CCGCCC	17
CCGCCG	0
CCGCCT	13
CCGCGA	0
CCGCGC	1
CCGCGG	0
CCGCGT	0
CCGCTA	0
CCGCTC	0
CCGCTG	1
CCGCTT	3
CCGGAA	1
CCGGAC	0
CCGGAG	2
CCGGAT	0
CCGGCA	3
CCGGCC	7
CCGGCG	1
CCGGCT	4
CCGGGA	2
CCGGGC	1
CCGGGG	3
CCGGGT	6
CCGGTA	0
CCGGTC	0
CCGGTG	3
CCGGTT	0
CCGTAA	5
CCGTAC	1
CCGTAG	3
CCGTAT	2
CCGTCA	2
CCGTCC	6
CCGTCG	0
CCGTCT	3
CCGTGA	5
CCGTGC	2
CCGTGG	7
CCGTGT	4
CCGTTA	0
CCGTTC	2
CCGTTG	0
CCGTTT	1
CCTAAA	2
CCTAAC	6
CCTAAG	5
CCTAAT	3
CCTACA	13
CCTACC	11
CCTACG	0
CCTACT	4
CCTAGA	6
CCTAGC	4
CCTAGG	7
CCTAGT	2
CCTATA	2
CCTATC	2
CCTATG	2
CCTATT	3
CCTCAA	15
CCTCAC	31
CCTCAG	43
CCTCAT	25
CCTCCA	71
CCTCCC	195
CCTCCG	12
CCTCCT	95
CCTCGA	11
CCTCGC	10
CCTCGG	8
CCTCGT	8
CCTCTA	4
CCTCTC	19
CCTCTG	21
CCTCTT	11
CCTGAA	9
CCTGAC	19
CCTGAG	23
CCTGAT	1
CCTGCA	26
CCTGCC	50
CCTGCG	3
CCTGCT	37
CCTGGA	16
CCTGGC	54
CCTGGG	33
CCTGGT	24
CCTGTA	4
CCTGTC	5
CCTGTG	13
CCTGTT	10
CCTTAA	12
CCTTAC	9
CCTTAG	10
CCTTAT	12
CCTTCA	19
CCTTCC	34
CCTTCG	1
CCTTCT	20
CCTTGA	17
CCTTGC	17
CCTTGG	30
CCTTGT	24
CCTTTA	4
CCTTTC	3
CCTTTG	6
CCTTTT	3
CGAAAA	1
CGAAAC	1
CGAAAG	1
CGAAAT	0
CGAACA	0
CGAACC	1
CGAACG	0
CGAACT	0
CGAAGA	0
CGAAGC	1
CGAAGG	0
CGAAGT	0
CGAATA	1
CGAATC	0
CGAATG	0
CGAATT	0
CGACAA	1
CGACAC	3
CGACAG	2
CGACAT	2
CGACCA	4
CGACCC	2
CGACCG	1
CGACCT	10
CGACGA	1
CGACGC	0
CGACGG	0
CGACGT	0
CGACTA	1
CGACTC	0
CGACTG	3
CGACTT	0
CGAGAA	3
CGAGAC	1
CGAGAG	2
CGAGAT	0
CGAGCA	3
CGAGCC	7
CGAGCG	0
CGAGCT	2
CGAGGA	1
CGAGGC	2
CGAGGG	2
CGAGGT	3
CGAGTA	0
CGAGTC	0
CGAGTG	1
CGAGTT	1
CGATAA	0
CGATAC	2
CGATAG	1
CGATAT	0
CGATCA	1
CGATCC	0
CGATCG	0
CGATCT	4
CGATGA	1
CGATGC	1
CGATGG	1
CGATGT	2
CGATTA	0
CGATTC	1
CGATTG	0
CGATTT	0
CGCAAA	0
CGCAAC	0
CGCAAG	1
CGCAAT	0
CGCACA	2
CGCACC	0
CGCACG	0
CGCACT	2
CGCAGA	0
CGCAGC	1
CGCAGG	1
CGCAGT	0
CGCATA	1
CGCATC	1
CGCATG	1
CGCATT	0
CGCCAA	1
CGCCAC	0
CGCCAG	6
CGCCAT	1
CGCCCA	3
CGCCCC	5
CGCCCG	0
CGCCCT	3
CGCCGA	0
CGCCGC	0
CGCCGG	2
CGCCGT	0
CGCCTA	0
CGCCTC	1
CGCCTG	7
CGCCTT	2
CGCGAA	0
CGCGAC	0
CGCGAG	1
CGCGAT	0
CGCGCA	1
CGCGCC	4
CGCGCG	0
CGCGCT	1
CGCGGA	0
CGCGGC	0
CGCGGG	0
CGCGGT	1
CGCGTA	0
CGCGTC	2
CGCGTG	0
CGCGTT	0
CGCTAA	0
CGCTAC	0
CGCTAG	2
CGCTAT	0
CGCTCA	1
CGCTCC	0
CGCTCG	0
CGCTCT	2
CGCTGA	3
CGCTGC	2
CGCTGG	0
CGCTGT	4
CGCTTA	1
CGCTTC	0
CGCTTG	0
CGCTTT	0
CGGAAA	0
CGGAAC	0
CGGAAG	1
CGGAAT	0
CGGACA	1
CGGACC	0
CGGACG	0
CGGACT	0
CGGAGA	0
CGGAGC	1
CGGAGG	1
CGGAGT	1
CGGATA	0
CGGATC	0
CGGATG	2
CGGATT	0
CGGCAA	1
CGGCAC	1
CGGCAG	1
CGGCAT	1
CGGCCA	2
CGGCCC	7
CGGCCG	2
CGGCCT	5
CGGCGA	1
CGGCGC	0
CGGCGG	0
CGGCGT	0
CGGCTA	1
CGGCTC	4
CGGCTG	5
CGGCTT	0
CGGGAA	0
CGGGAC	1
CGGGAG	0
CGGGAT	0
CGGGCA	3
CGGGCC	1
CGGGCG	0
CGGGCT	1
CGGGGA	1
CGGGGC	3
CGGGGG	1
CGGGGT	1
CGGGTA	0
CGGGTC	0
CGGGTG	0
CGGGTT	0
CGGTAA	1
CGGTAC	0
CGGTAG	1
CGGTAT	0
CGGTCA	0
CGGTCC	0
CGGTCG	1
CGGTCT	1
CGGTGA	1
CGGTGC	2
CGGTGG	3
CGGTGT	5
CGGTTA	0
CGGTTC	0
CGGTTG	0
CGGTTT	0
CGTAAA	0
CGTAAC	1
CGTAAG	0
CGTAAT	0
CGTACA	0
CGTACC	2
CGTACG	0
CGTACT	0
CGTAGA	1
CGTAGC	2
CGTAGG	1
CGTAGT	0
CGTATA	0
CGTATC	0
CGTATG	0
CGTATT	0
CGTCAA	2
CGTCAC	5
CGTCAG	1
CGTCAT	1
CGTCCA	8
CGTCCC	8
CGTCCG	2
CGTCCT	9
CGTCGA	0
CGTCGC	0
CGTCGG	2
CGTCGT	1
CGTCTA	0
CGTCTC	1
CGTCTG	5
CGTCTT	0
CGTGAA	1
CGTGAC	1
CGTGAG	1
CGTGAT	0
CGTGCA	1
CGTGCC	5
CGTGCG	0
CGTGCT	2
CGTGGA	3
CGTGGC	1
CGTGGG	4
CGTGGT	2
CGTGTA	0
CGTGTC	1
CGTGTG	2
CGTGTT	0
CGTTAA	0
CGTTAC	3
CGTTAG	1
CGTTAT	1
CGTTCA	3
CGTTCC	0
CGTTCG	0
CGTTCT	3
CGTTGA	1
CGTTGC	2
CGTTGG	0
CGTTGT	2
CGTTTA	1
CGTTTC	1
CGTTTG	0
CGTTTT	0
CTAAAA	11
CTAAAC	4
CTAAAG	9
CTAAAT	7
CTAACA	5
CTAACC	10
CTAACG	0
CTAACT	7
CTAAGA	7
CTAAGC	3
CTAAGG	2
CTAAGT	1
CTAATA	0
CTAATC	2
CTAATG	1
CTAATT	3
CTACAA	5
CTACAC	11
CTACAG	9
CTACAT	8
CTACCA	17
CTACCC	17
CTACCG	6
CTACCT	28
CTACGA	2
CTACGC	2
CTACGG	4
CTACGT	7
CTACTA	9
CTACTC	17
CTACTG	12
CTACTT	6
CTAGAA	5
CTAGAC	3
CTAGAG	4
CTAGAT	5
CTAGCA	10
CTAGCC	9
CTAGCG	0
CTAGCT	8
CTAGGA	14
CTAGGC	7
CTAGGG	6
CTAGGT	10
CTAGTA	2
CTAGTC	2
CTAGTG	5
CTAGTT	8
CTATAA	8
CTATAC	2
CTATAG	3
CTATAT	8
CTATCA	4
CTATCC	3
CTATCG	0
CTATCT	5
CTATGA	7
CTATGC	4
CTATGG	11
CTATGT	12
CTATTA	2
CTATTC	0
CTATTG	3
CTATTT	4
CTCAAA	15
CTCAAC	3
CTCAAG	8
CTCAAT	2
CTCACA	11
CTCACC	15
CTCACG	4
CTCACT	15
CTCAGA	13
CTCAGC	11
CTCAGG	12
CTCAGT	4
CTCATA	2
CTCATC	6
CTCATG	3
CTCATT	3
CTCCAA	14
CTCCAC	9
CTCCAG	11
CTCCAT	16
CTCCCA	38
CTCCCC	43
CTCCCG	10
CTCCCT	35
CTCCGA	4
CTCCGC	3
CTCCGG	3
CTCCGT	4
CTCCTA	9
CTCCTC	14
CTCCTG	27
CTCCTT	9
CTCGAA	0
CTCGAC	0
CTCGAG	1
CTCGAT	2
CTCGCA	3
CTCGCC	6
CTCGCG	0
CTCGCT	2
CTCGGA	1
CTCGGC	3
CTCGGG	1
CTCGGT	2
CTCGTA	0
CTCGTC	0
CTCGTG	0
CTCGTT	1
CTCTAA	8
CTCTAC	10
CTCTAG	8
CTCTAT	5
CTCTCA	13
CTCTCC	6
CTCTCG	0
CTCTCT	23
CTCTGA	22
CTCTGC	19
CTCTGG	18
CTCTGT	31
CTCTTA	3
CTCTTC	2
CTCTTG	3
CTCTTT	2
CTGAAA	10
CTGAAC	6
CTGAAG	7
CTGAAT	3
CTGACA	9
CTGACC	16
CTGACG	1
CTGACT	7
CTGAGA	10
CTGAGC	13
CTGAGG	9
CTGAGT	7
CTGATA	3
CTGATC	2
CTGATG	4
CTGATT	1
CTGCAA	7
CTGCAC	9
CTGCAG	14
CTGCAT	16
CTGCCA	29
CTGCCC	52
CTGCCG	3
CTGCCT	59
CTGCGA	1
CTGCGC	5
CTGCGG	6
CTGCGT	2
CTGCTA	5
CTGCTC	12
CTGCTG	18
CTGCTT	12
CTGGAA	5
CTGGAC	2
CTGGAG	12
CTGGAT	5
CTGGCA	22
CTGGCC	20
CTGGCG	2
CTGGCT	23
CTGGGA	26
CTGGGC	25
CTGGGG	17
CTGGGT	17
CTGGTA	3
CTGGTC	7
CTGGTG	4
CTGGTT	2
CTGTAA	11
CTGTAC	9
CTGTAG	5
CTGTAT	11
CTGTCA	8
CTGTCC	11
CTGTCG	1
CTGTCT	20
CTGTGA	27
CTGTGC	33
CTGTGG	26
CTGTGT	24
CTGTTA	0
CTGTTC	5
CTGTTG	1
CTGTTT	4
CTTAAA	10
CTTAAC	7
CTTAAG	2
CTTAAT	2
CTTACA	5
CTTACC	4
CTTACG	0
CTTACT	6
CTTAGA	7
CTTAGC	5
CTTAGG	1
CTTAGT	5
CTTATA	1
CTTATC	1
CTTATG	3
CTTATT	5
CTTCAA	29
CTTCAC	21
CTTCAG	15
CTTCAT	16
CTTCCA	33
CTTCCC	67
CTTCCG	3
CTTCCT	97
CTTCGA	4
CTTCGC	2
CTTCGG	2
CTTCGT	3
CTTCTA	11
CTTCTC	14
CTTCTG	13
CTTCTT	16
CTTGAA	10
CTTGAC	5
CTTGAG	7
CTTGAT	8
CTTGCA	10
CTTGCC	13
CTTGCG	2
CTTGCT	23
CTTGGA	21
CTTGGC	13
CTTGGG	20
CTTGGT	20
CTTGTA	5
CTTGTC	5
CTTGTG	7
CTTGTT	6
CTTTAA	25
CTTTAC	19
CTTTAG	11
CTTTAT	11
CTTTCA	14
CTTTCC	16
CTTTCG	5
CTTTCT	24
CTTTGA	30
CTTTGC	21
CTTTGG	29
CTTTGT	33
CTTTTA	8
CTTTTC	2
CTTTTG	4
CTTTTT	10
GAAAAA	5
GAAAAC	5
GAAAAG	5
GAAAAT	2
GAAACA	6
GAAACC	6
GAAACG	0
GAAACT	6
GAAAGA	11
GAAAGC	4
GAAAGG	5
GAAAGT	2
GAAATA	1
GAAATC	1
GAAATG	4
GAAATT	2
GAACAA	11
GAACAC	1
GAACAG	16
GAACAT	6
GAACCA	18
GAACCC	21
GAACCG	1
GAACCT	13
GAACGA	0
GAACGC	1
GAACGG	0
GAACGT	3
GAACTA	4
GAACTC	2
GAACTG	9
GAACTT	6
GAAGAA	12
GAAGAC	2
GAAGAG	10
GAAGAT	0
GAAGCA	7
GAAGCC	17
GAAGCG	1
GAAGCT	14
GAAGGA	14
GAAGGC	6
GAAGGG	2
GAAGGT	4
GAAGTA	5
GAAGTC	2
GAAGTG	2
GAAGTT	8
GAATAA	3
GAATAC	5
GAATAG	2
GAATAT	8
GAATCA	6
GAATCC	4
GAATCG	1
GAATCT	5
GAATGA	14
GAATGC	6
GAATGG	6
GAATGT	9
GAATTA	2
GAATTC	0
GAATTG	2
GAATTT	1
GACAAA	1
GACAAC	0
GACAAG	0
GACAAT	0
GACACA	4
GACACC	5
GACACG	1
GACACT	3
GACAGA	6
GACAGC	2
GACAGG	5
GACAGT	1
GACATA	1
GACATC	0
GACATG	0
GACATT	0
GACCAA	5
GACCAC	3
GACCAG	7
GACCAT	1
GACCCA	15
GACCCC	8
GACCCG	1
GACCCT	4
GACCGA	0
GACCGC	0
GACCGG	0
GACCGT	1
GACCTA	5
GACCTC	6
GACCTG	7
GACCTT	3
GACGAA	0
GACGAC	0
GACGAG	0
GACGAT	0
GACGCA	0
GACGCC	0
GACGCG	0
GACGCT	1
GACGGA	0
GACGGC	0
GACGGG	0
GACGGT	0
GACGTA	0
GACGTC	0
GACGTG	0
GACGTT	0
GACTAA	1
GACTAC	2
GACTAG	1
GACTAT	0
GACTCA	0
GACTCC	1
GACTCG	0
GACTCT	2
GACTGA	3
GACTGC	0
GACTGG	3
GACTGT	0
GACTTA	3
GACTTC	1
GACTTG	0
GACTTT	1
GAGAAA	3
GAGAAC	2
GAGAAG	3
GAGAAT	0
GAGACA	4
GAGACC	2
GAGACG	0
GAGACT	3
GAGAGA	3
GAGAGC	4
GAGAGG	3
GAGAGT	0
GAGATA	2
GAGATC	0
GAGATG	2
GAGATT	1
GAGCAA	7
GAGCAC	4
GAGCAG	3
GAGCAT	5
GAGCCA	20
GAGCCC	17
GAGCCG	1
GAGCCT	8
GAGCGA	1
GAGCGC	0
GAGCGG	2
GAGCGT	2
GAGCTA	3
GAGCTC	3
GAGCTG	10
GAGCTT	4
GAGGAA	4
GAGGAC	1
GAGGAG	4
GAGGAT	7
GAGGCA	11
GAGGCC	16
GAGGCG	2
GAGGCT	6
GAGGGA	6
GAGGGC	8
GAGGGG	5
GAGGGT	13
GAGGTA	2
GAGGTC	3
GAGGTG	2
GAGGTT	1
GAGTAA	2
GAGTAC	3
GAGTAG	0
GAGTAT	3
GAGTCA	1
GAGTCC	1
GAGTCG	0
GAGTCT	5
GAGTGA	8
GAGTGC	3
GAGTGG	3
GAGTGT	3
GAGTTA	1
GAGTTC	0
GAGTTG	2
GAGTTT	0
GATAAA	1
GATAAC	0
GATAAG	2
GATAAT	1
GATACA	1
GATACC	1
GATACG	0
GATACT	4
GATAGA	2
GATAGC	2
GATAGG	0
GATAGT	4
GATATA	1
GATATC	0
GATATG	2
GATATT	0
GATCAA	3
GATCAC	7
GATCAG	2
GATCAT	2
GATCCA	8
GATCCC	14
GATCCG	1
GATCCT	8
GATCGA	0
GATCGC	4
GATCGG	0
GATCGT	5
GATCTA	2
GATCTC	4
GATCTG	3
GATCTT	2
GATGAA	5
GATGAC	4
GATGAG	3
GATGAT	4
GATGCA	4
GATGCC	4
GATGCG	0
GATGCT	5
GATGGA	3
GATGGC	5
GATGGG	4
GATGGT	3
GATGTA	1
GATGTC	1
GATGTG	2
GATGTT	3
GATTAA	3
GATTAC	4
GATTAG	1
GATTAT	3
GATTCA	2
GATTCC	0
GATTCG	0
GATTCT	7
GATTGA	2
GATTGC	3
GATTGG	0
GATTGT	4
GATTTA	1
GATTTC	0
GATTTG	2
GATTTT	2
GCAAAA	8
GCAAAC	5
GCAAAG	11
GCAAAT	5
GCAACA	6
GCAACC	14
GCAACG	2
GCAACT	4
GCAAGA	13
GCAAGC	7
GCAAGG	8
GCAAGT	1
GCAATA	1
GCAATC	2
GCAATG	2
GCAATT	1
GCACAA	14
GCACAC	24
GCACAG	26
GCACAT	17
GCACCA	34
GCACCC	60
GCACCG	10
GCACCT	63
GCACGA	1
GCACGC	6
GCACGG	7
GCACGT	19
GCACTA	5
GCACTC	14
GCACTG	12
GCACTT	11
GCAGAA	20
GCAGAC	11
GCAGAG	21
GCAGAT	6
GCAGCA	28
GCAGCC	39
GCAGCG	5
GCAGCT	25
GCAGGA	32
GCAGGC	20
GCAGGG	19
GCAGGT	16
GCAGTA	4
GCAGTC	5
GCAGTG	9
GCAGTT	5
GCATAA	11
GCATAC	6
GCATAG	11
GCATAT	3
GCATCA	5
GCATCC	9
GCATCG	0
GCATCT	15
GCATGA	23
GCATGC	17
GCATGG	13
GCATGT	16
GCATTA	2
GCATTC	0
GCATTG	3
GCATTT	7
GCCAAA	3
GCCAAC	1
GCCAAG	6
GCCAAT	1
GCCACA	9
GCCACC	16
GCCACG	0
GCCACT	10
GCCAGA	4
GCCAGC	3
GCCAGG	9
GCCAGT	2
GCCATA	1
GCCATC	2
GCCATG	0
GCCATT	5
GCCCAA	7
GCCCAC	8
GCCCAG	33
GCCCAT	7
GCCCCA	40
GCCCCC	31
GCCCCG	6
GCCCCT	34
GCCCGA	3
GCCCGC	5
GCCCGG	7
GCCCGT	3
GCCCTA	5
GCCCTC	6
GCCCTG	19
GCCCTT	11
GCCGAA	2
GCCGAC	3
GCCGAG	0
GCCGAT	0
GCCGCA	0
GCCGCC	0
GCCGCG	0
GCCGCT	2
GCCGGA	1
GCCGGC	2
GCCGGG	4
GCCGGT	2
GCCGTA	0
GCCGTC	0
GCCGTG	2
GCCGTT	0
GCCTAA	10
GCCTAC	5
GCCTAG	1
GCCTAT	3
GCCTCA	9
GCCTCC	17
GCCTCG	3
GCCTCT	7
GCCTGA	9
GCCTGC	18
GCCTGG	35
GCCTGT	14
GCCTTA	3
GCCTTC	0
GCCTTG	1
GCCTTT	2
GCGAAA	0
GCGAAC	0
GCGAAG	2
GCGAAT	0
GCGACA	1
GCGACC	1
GCGACG	1
GCGACT	2
GCGAGA	2
GCGAGC	0
GCGAGG	2
GCGAGT	3
GCGATA	0
GCGATC	0
GCGATG	2
GCGATT	0
GCGCAA	0
GCGCAC	1
GCGCAG	2
GCGCAT	0
GCGCCA	6
GCGCCC	7
GCGCCG	2
GCGCCT	7
GCGCGA	2
GCGCGC	1
GCGCGG	2
GCGCGT	1
GCGCTA	0
GCGCTC	0
GCGCTG	0
GCGCTT	0
GCGGAA	2
GCGGAC	0
GCGGAG	0
GCGGAT	0
GCGGCA	3
GCGGCC	4
GCGGCG	1
GCGGCT	3
GCGGGA	2
GCGGGC	5
GCGGGG	4
GCGGGT	2
GCGGTA	0
GCGGTC	0
GCGGTG	1
GCGGTT	2
GCGTAA	0
GCGTAC	1
GCGTAG	0
GCGTAT	7
GCGTCA	0
GCGTCC	1
GCGTCG	0
GCGTCT	2
GCGTGA	3
GCGTGC	5
GCGTGG	4
GCGTGT	2
GCGTTA	0
GCGTTC	0
GCGTTG	1
GCGTTT	1
GCTAAA	7
GCTAAC	3
GCTAAG	3
GCTAAT	4
GCTACA	9
GCTACC	7
GCTACG	1
GCTACT	10
GCTAGA	3
GCTAGC	3
GCTAGG	2
GCTAGT	5
GCTATA	0
GCTATC	1
GCTATG	1
GCTATT	1
GCTCAA	21
GCTCAC	32
GCTCAG	30
GCTCAT	21
GCTCCA	43
GCTCCC	67
GCTCCG	8
GCTCCT	52
GCTCGA	2
GCTCGC	7
GCTCGG	9
GCTCGT	5
GCTCTA	6
GCTCTC	11
GCTCTG	28
GCTCTT	9
GCTGAA	6
GCTGAC	11
GCTGAG	13
GCTGAT	8
GCTGCA	22
GCTGCC	37
GCTGCG	4
GCTGCT	29
GCTGGA	21
GCTGGC	16
GCTGGG	26
GCTGGT	13
GCTGTA	2
GCTGTC	3
GCTGTG	16
GCTGTT	13
GCTTAA	12
GCTTAC	16
GCTTAG	7
GCTTAT	9
GCTTCA	13
GCTTCC	21
GCTTCG	1
GCTTCT	35
GCTTGA	22
GCTTGC	15
GCTTGG	22
GCTTGT	18
GCTTTA	0
GCTTTC	1
GCTTTG	7
GCTTTT	8
GGAAAA	9
GGAAAC	2
GGAAAG	8
GGAAAT	7
GGAACA	9
GGAACC	5
GGAACG	0
GGAACT	4
GGAAGA	5
GGAAGC	13
GGAAGG	12
GGAAGT	12
GGAATA	0
GGAATC	2
GGAATG	1
GGAATT	0
GGACAA	13
GGACAC	11
GGACAG	11
GGACAT	4
GGACCA	18
GGACCC	26
GGACCG	3
GGACCT	21
GGACGA	2
GGACGC	3
GGACGG	7
GGACGT	4
GGACTA	3
GGACTC	4
GGACTG	5
GGACTT	9
GGAGAA	6
GGAGAC	10
GGAGAG	6
GGAGAT	6
GGAGCA	17
GGAGCC	20
GGAGCG	0
GGAGCT	11
GGAGGA	15
GGAGGC	21
GGAGGG	15
GGAGGT	11
GGAGTA	1
GGAGTC	2
GGAGTG	4
GGAGTT	1
GGATAA	2
GGATAC	4
GGATAG	1
GGATAT	4
GGATCA	6
GGATCC	5
GGATCG	0
GGATCT	2
GGATGA	9
GGATGC	7
GGATGG	17
GGATGT	13
GGATTA	2
GGATTC	0
GGATTG	2
GGATTT	2
GGCAAA	4
GGCAAC	0
GGCAAG	2
GGCAAT	3
GGCACA	7
GGCACC	5
GGCACG	1
GGCACT	4
GGCAGA	9
GGCAGC	4
GGCAGG	2
GGCAGT	2
GGCATA	0
GGCATC	3
GGCATG	0
GGCATT	1
GGCCAA	13
GGCCAC	12
GGCCAG	10
GGCCAT	8
GGCCCA	18
GGCCCC	29
GGCCCG	2
GGCCCT	26
GGCCGA	3
GGCCGC	3
GGCCGG	1
GGCCGT	3
GGCCTA	4
GGCCTC	5
GGCCTG	7
GGCCTT	6
GGCGAA	0
GGCGAC	0
GGCGAG	0
GGCGAT	0
GGCGCA	0
GGCGCC	1
GGCGCG	1
GGCGCT	2
GGCGGA	4
GGCGGC	2
GGCGGG	4
GGCGGT	3
GGCGTA	0
GGCGTC	0
GGCGTG	1
GGCGTT	0
GGCTAA	2
GGCTAC	3
GGCTAG	3
GGCTAT	1
GGCTCA	9
GGCTCC	5
GGCTCG	0
GGCTCT	6
GGCTGA	16
GGCTGC	16
GGCTGG	10
GGCTGT	18
GGCTTA	1
GGCTTC	2
GGCTTG	1
GGCTTT	3
GGGAAA	3
GGGAAC	2
GGGAAG	2
GGGAAT	1
GGGACA	5
GGGACC	3
GGGACG	1
GGGACT	2
GGGAGA	7
GGGAGC	7
GGGAGG	6
GGGAGT	6
GGGATA	0
GGGATC	1
GGGATG	1
GGGATT	2
GGGCAA	4
GGGCAC	5
GGGCAG	7
GGGCAT	6
GGGCCA	15
GGGCCC	29
GGGCCG	3
GGGCCT	28
GGGCGA	3
GGGCGC	2
GGGCGG	1
GGGCGT	3
GGGCTA	2
GGGCTC	4
GGGCTG	7
GGGCTT	3
GGGGAA	3
GGGGAC	4
GGGGAG	2
GGGGAT	1
GGGGCA	4
GGGGCC	12
GGGGCG	1
GGGGCT	14
GGGGGA	5
GGGGGC	8
GGGGGG	4
GGGGGT	3
GGGGTA	1
GGGGTC	5
GGGGTG	5
GGGGTT	2
GGGTAA	2
GGGTAC	2
GGGTAG	4
GGGTAT	2
GGGTCA	3
GGGTCC	4
GGGTCG	0
GGGTCT	3
GGGTGA	4
GGGTGC	3
GGGTGG	13
GGGTGT	9
GGGTTA	0
GGGTTC	2
GGGTTG	2
GGGTTT	2
GGTAAA	3
GGTAAC	3
GGTAAG	3
GGTAAT	1
GGTACA	2
GGTACC	2
GGTACG	1
GGTACT	2
GGTAGA	1
GGTAGC	2
GGTAGG	3
GGTAGT	3
GGTATA	0
GGTATC	0
GGTATG	1
GGTATT	0
GGTCAA	8
GGTCAC	15
GGTCAG	21
GGTCAT	13
GGTCCA	13
GGTCCC	24
GGTCCG	2
GGTCCT	17
GGTCGA	2
GGTCGC	3
GGTCGG	1
GGTCGT	2
GGTCTA	1
GGTCTC	6
GGTCTG	11
GGTCTT	9
GGTGAA	2
GGTGAC	9
GGTGAG	5
GGTGAT	7
GGTGCA	3
GGTGCC	8
GGTGCG	2
GGTGCT	22
GGTGGA	11
GGTGGC	15
GGTGGG	11
GGTGGT	10
GGTGTA	0
GGTGTC	2
GGTGTG	6
GGTGTT	5
GGTTAA	5
GGTTAC	3
GGTTAG	1
GGTTAT	0
GGTTCA	5
GGTTCC	8
GGTTCG	0
GGTTCT	7
GGTTGA	9
GGTTGC	10
GGTTGG	6
GGTTGT	4
GGTTTA	0
GGTTTC	0
GGTTTG	3
GGTTTT	4
GTAAAA	7
GTAAAC	3
GTAAAG	9
GTAAAT	7
GTAACA	6
GTAACC	7
GTAACG	2
GTAACT	6
GTAAGA	4
GTAAGC	1
GTAAGG	2
GTAAGT	8
GTAATA	1
GTAATC	2
GTAATG	2
GTAATT	1
GTACAA	8
GTACAC	2
GTACAG	9
GTACAT	6
GTACCA	8
GTACCC	15
GTACCG	4
GTACCT	11
GTACGA	1
GTACGC	2
GTACGG	2
GTACGT	3
GTACTA	1
GTACTC	5
GTACTG	3
GTACTT	3
GTAGAA	9
GTAGAC	0
GTAGAG	6
GTAGAT	2
GTAGCA	10
GTAGCC	6
GTAGCG	0
GTAGCT	27
GTAGGA	8
GTAGGC	1
GTAGGG	2
GTAGGT	7
GTAGTA	0
GTAGTC	3
GTAGTG	2
GTAGTT	5
GTATAA	11
GTATAC	5
GTATAG	6
GTATAT	7
GTATCA	7
GTATCC	5
GTATCG	0
GTATCT	8
GTATGA	10
GTATGC	4
GTATGG	7
GTATGT	9
GTATTA	0
GTATTC	1
GTATTG	1
GTATTT	6
GTCAAA	6
GTCAAC	1
GTCAAG	0
GTCAAT	2
GTCACA	5
GTCACC	18
GTCACG	1
GTCACT	10
GTCAGA	4
GTCAGC	4
GTCAGG	3
GTCAGT	3
GTCATA	5
GTCATC	4
GTCATG	2
GTCATT	3
GTCCAA	6
GTCCAC	8
GTCCAG	8
GTCCAT	5
GTCCCA	30
GTCCCC	23
GTCCCG	3
GTCCCT	24
GTCCGA	1
GTCCGC	2
GTCCGG	0
GTCCGT	1
GTCCTA	8
GTCCTC	3
GTCCTG	5
GTCCTT	6
GTCGAA	0
GTCGAC	2
GTCGAG	0
GTCGAT	1
GTCGCA	1
GTCGCC	1
GTCGCG	0
GTCGCT	4
GTCGGA	1
GTCGGC	1
GTCGGG	4
GTCGGT	1
GTCGTA	0
GTCGTC	1
GTCGTG	1
GTCGTT	0
GTCTAA	5
GTCTAC	2
GTCTAG	4
GTCTAT	2
GTCTCA	6
GTCTCC	11
GTCTCG	1
GTCTCT	10
GTCTGA	7
GTCTGC	16
GTCTGG	8
GTCTGT	19
GTCTTA	2
GTCTTC	1
GTCTTG	0
GTCTTT	3
GTGAAA	5
GTGAAC	6
GTGAAG	5
GTGAAT	8
GTGACA	11
GTGACC	10
GTGACG	1
GTGACT	9
GTGAGA	6
GTGAGC	8
GTGAGG	5
GTGAGT	9
GTGATA	1
GTGATC	4
GTGATG	0
GTGATT	1
GTGCAA	9
GTGCAC	8
GTGCAG	14
GTGCAT	4
GTGCCA	18
GTGCCC	31
GTGCCG	5
GTGCCT	27
GTGCGA	1
GTGCGC	4
GTGCGG	3
GTGCGT	5
GTGCTA	5
GTGCTC	7
GTGCTG	14
GTGCTT	9
GTGGAA	5
GTGGAC	4
GTGGAG	3
GTGGAT	4
GTGGCA	23
GTGGCC	17
GTGGCG	2
GTGGCT	17
GTGGGA	7
GTGGGC	10
GTGGGG	12
GTGGGT	9
GTGGTA	1
GTGGTC	2
GTGGTG	4
GTGGTT	9
GTGTAA	12
GTGTAC	7
GTGTAG	3
GTGTAT	11
GTGTCA	11
GTGTCC	8
GTGTCG	0
GTGTCT	13
GTGTGA	11
GTGTGC	10
GTGTGG	9
GTGTGT	36
GTGTTA	1
GTGTTC	2
GTGTTG	3
GTGTTT	4
GTTAAA	7
GTTAAC	1
GTTAAG	3
GTTAAT	3
GTTACA	8
GTTACC	5
GTTACG	1
GTTACT	8
GTTAGA	3
GTTAGC	6
GTTAGG	1
GTTAGT	1
GTTATA	2
GTTATC	1
GTTATG	4
GTTATT	0
GTTCAA	19
GTTCAC	8
GTTCAG	12
GTTCAT	15
GTTCCA	30
GTTCCC	28
GTTCCG	1
GTTCCT	42
GTTCGA	5
GTTCGC	1
GTTCGG	1
GTTCGT	8
GTTCTA	7
GTTCTC	8
GTTCTG	14
GTTCTT	8
GTTGAA	9
GTTGAC	9
GTTGAG	8
GTTGAT	4
GTTGCA	12
GTTGCC	12
GTTGCG	2
GTTGCT	20
GTTGGA	3
GTTGGC	10
GTTGGG	8
GTTGGT	10
GTTGTA	4
GTTGTC	2
GTTGTG	4
GTTGTT	5
GTTTAA	10
GTTTAC	7
GTTTAG	9
GTTTAT	6
GTTTCA	16
GTTTCC	16
GTTTCG	0
GTTTCT	18
GTTTGA	10
GTTTGC	8
GTTTGG	12
GTTTGT	19
GTTTTA	2
GTTTTC	5
GTTTTG	7
GTTTTT	5
TAAAAA	15
TAAAAC	4
TAAAAG	3
TAAAAT	3
TAAACA	5
TAAACC	7
TAAACG	0
TAAACT	5
TAAAGA	11
TAAAGC	5
TAAAGG	2
TAAAGT	1
TAAATA	5
TAAATC	1
TAAATG	0
TAAATT	2
TAACAA	7
TAACAC	3
TAACAG	4
TAACAT	5
TAACCA	11
TAACCC	8
TAACCG	3
TAACCT	18
TAACGA	1
TAACGC	2
TAACGG	1
TAACGT	3
TAACTA	4
TAACTC	1
TAACTG	8
TAACTT	8
TAAGAA	13
TAAGAC	5
TAAGAG	0
TAAGAT	3
TAAGCA	3
TAAGCC	11
TAAGCG	0
TAAGCT	4
TAAGGA	5
TAAGGC	2
TAAGGG	4
TAAGGT	4
TAAGTA	3
TAAGTC	1
TAAGTG	2
TAAGTT	7
TAATAA	6
TAATAC	3
TAATAG	4
TAATAT	9
TAATCA	5
TAATCC	8
TAATCG	1
TAATCT	4
TAATGA	14
TAATGC	5
TAATGG	5
TAATGT	10
TAATTA	4
TAATTC	1
TAATTG	3
TAATTT	9
TACAAA	2
TACAAC	0
TACAAG	1
TACAAT	2
TACACA	5
TACACC	3
TACACG	1
TACACT	2
TACAGA	4
TACAGC	0
TACAGG	1
TACAGT	1
TACATA	2
TACATC	3
TACATG	2
TACATT	1
TACCAA	2
TACCAC	1
TACCAG	0
TACCAT	8
TACCCA	8
TACCCC	7
TACCCG	1
TACCCT	9
TACCGA	1
TACCGC	2
TACCGG	0
TACCGT	3
TACCTA	3
TACCTC	3
TACCTG	6
TACCTT	4
TACGAA	1
TACGAC	0
TACGAG	0
TACGAT	0
TACGCA	1
TACGCC	0
TACGCG	0
TACGCT	0
TACGGA	0
TACGGC	0
TACGGG	0
TACGGT	0
TACGTA	0
TACGTC	0
TACGTG	0
TACGTT	1
TACTAA	3
TACTAC	2
TACTAG	1
TACTAT	1
TACTCA	6
TACTCC	0
TACTCG	0
TACTCT	2
TACTGA	8
TACTGC	2
TACTGG	4
TACTGT	6
TACTTA	0
TACTTC	1
TACTTG	3
TACTTT	2
TAGAAA	3
TAGAAC	0
TAGAAG	3
TAGAAT	0
TAGACA	0
TAGACC	2
TAGACG	1
TAGACT	0
TAGAGA	4
TAGAGC	1
TAGAGG	3
TAGAGT	2
TAGATA	0
TAGATC	0
TAGATG	1
TAGATT	0
TAGCAA	0
TAGCAC	5
TAGCAG	3
TAGCAT	2
TAGCCA	13
TAGCCC	13
TAGCCG	1
TAGCCT	6
TAGCGA	2
TAGCGC	1
TAGCGG	0
TAGCGT	1
TAGCTA	3
TAGCTC	3
TAGCTG	12
TAGCTT	5
TAGGAA	4
TAGGAC	1
TAGGAG	1
TAGGAT	2
TAGGCA	4
TAGGCC	0
TAGGCG	1
TAGGCT	2
TAGGGA	3
TAGGGC	4
TAGGGG	4
TAGGGT	1
TAGGTA	3
TAGGTC	2
TAGGTG	0
TAGGTT	1
TAGTAA	3
TAGTAC	2
TAGTAG	2
TAGTAT	2
TAGTCA	2
TAGTCC	1
TAGTCG	0
TAGTCT	1
TAGTGA	5
TAGTGC	5
TAGTGG	3
TAGTGT	6
TAGTTA	3
TAGTTC	1
TAGTTG	0
TAGTTT	0
TATAAA	5
TATAAC	0
TATAAG	0
TATAAT	1
TATACA	4
TATACC	3
TATACG	0
TATACT	4
TATAGA	4
TATAGC	0
TATAGG	1
TATAGT	1
TATATA	1
TATATC	2
TATATG	1
TATATT	5
TATCAA	5
TATCAC	11
TATCAG	4
TATCAT	6
TATCCA	12
TATCCC	11
TATCCG	1
TATCCT	13
TATCGA	1
TATCGC	1
TATCGG	1
TATCGT	0
TATCTA	3
TATCTC	4
TATCTG	9
TATCTT	6
TATGAA	5
TATGAC	2
TATGAG	7
TATGAT	4
TATGCA	5
TATGCC	7
TATGCG	0
TATGCT	7
TATGGA	9
TATGGC	3
TATGGG	0
TATGGT	7
TATGTA	2
TATGTC	2
TATGTG	2
TATGTT	5
TATTAA	8
TATTAC	1
TATTAG	2
TATTAT	5
TATTCA	12
TATTCC	1
TATTCG	3
TATTCT	7
TATTGA	4
TATTGC	9
TATTGG	2
TATTGT	12
TATTTA	3
TATTTC	0
TATTTG	0
TATTTT	5
TCAAAA	15
TCAAAC	4
TCAAAG	11
TCAAAT	8
TCAACA	11
TCAACC	16
TCAACG	1
TCAACT	6
TCAAGA	22
TCAAGC	6
TCAAGG	14
TCAAGT	6
TCAATA	5
TCAATC	5
TCAATG	2
TCAATT	1
TCACAA	18
TCACAC	28
TCACAG	27
TCACAT	14
TCACCA	47
TCACCC	66
TCACCG	6
TCACCT	63
TCACGA	7
TCACGC	11
TCACGG	12
TCACGT	9
TCACTA	11
TCACTC	15
TCACTG	26
TCACTT	31
TCAGAA	23
TCAGAC	13
TCAGAG	7
TCAGAT	9
TCAGCA	25
TCAGCC	23
TCAGCG	3
TCAGCT	14
TCAGGA	19
TCAGGC	14
TCAGGG	14
TCAGGT	10
TCAGTA	5
TCAGTC	1
TCAGTG	2
TCAGTT	8
TCATAA	19
TCATAC	10
TCATAG	9
TCATAT	15
TCATCA	16
TCATCC	9
TCATCG	1
TCATCT	15
TCATGA	24
TCATGC	18
TCATGG	12
TCATGT	21
TCATTA	2
TCATTC	2
TCATTG	3
TCATTT	8
TCCAAA	5
TCCAAC	4
TCCAAG	5
TCCAAT	1
TCCACA	5
TCCACC	9
TCCACG	3
TCCACT	4
TCCAGA	11
TCCAGC	1
TCCAGG	5
TCCAGT	5
TCCATA	2
TCCATC	5
TCCATG	1
TCCATT	1
TCCCAA	23
TCCCAC	8
TCCCAG	29
TCCCAT	14
TCCCCA	54
TCCCCC	25
TCCCCG	9
TCCCCT	38
TCCCGA	7
TCCCGC	2
TCCCGG	5
TCCCGT	3
TCCCTA	3
TCCCTC	12
TCCCTG	17
TCCCTT	9
TCCGAA	0
TCCGAC	2
TCCGAG	0
TCCGAT	1
TCCGCA	3
TCCGCC	1
TCCGCG	0
TCCGCT	2
TCCGGA	1
TCCGGC	1
TCCGGG	0
TCCGGT	3
TCCGTA	0
TCCGTC	0
TCCGTG	0
TCCGTT	1
TCCTAA	5
TCCTAC	8
TCCTAG	7
TCCTAT	6
TCCTCA	9
TCCTCC	18
TCCTCG	1
TCCTCT	14
TCCTGA	21
TCCTGC	25
TCCTGG	17
TCCTGT	26
TCCTTA	2
TCCTTC	2
TCCTTG	1
TCCTTT	4
TCGAAA	0
TCGAAC	1
TCGAAG	0
TCGAAT	0
TCGACA	2
TCGACC	0
TCGACG	0
TCGACT	0
TCGAGA	1
TCGAGC	1
TCGAGG	0
TCGAGT	1
TCGATA	0
TCGATC	0
TCGATG	1
TCGATT	1
TCGCAA	2
TCGCAC	1
TCGCAG	3
TCGCAT	1
TCGCCA	4
TCGCCC	1
TCGCCG	0
TCGCCT	8
TCGCGA	0
TCGCGC	1
TCGCGG	2
TCGCGT	1
TCGCTA	0
TCGCTC	0
TCGCTG	1
TCGCTT	5
TCGGAA	0
TCGGAC	0
TCGGAG	0
TCGGAT	0
TCGGCA	2
TCGGCC	4
TCGGCG	0
TCGGCT	1
TCGGGA	2
TCGGGC	0
TCGGGG	2
TCGGGT	0
TCGGTA	0
TCGGTC	0
TCGGTG	0
TCGGTT	0
TCGTAA	1
TCGTAC	2
TCGTAG	1
TCGTAT	4
TCGTCA	0
TCGTCC	0
TCGTCG	1
TCGTCT	4
TCGTGA	4
TCGTGC	1
TCGTGG	5
TCGTGT	5
TCGTTA	1
TCGTTC	0
TCGTTG	0
TCGTTT	2
TCTAAA	4
TCTAAC	5
TCTAAG	5
TCTAAT	5
TCTACA	7
TCTACC	8
TCTACG	2
TCTACT	11
TCTAGA	10
TCTAGC	2
TCTAGG	8
TCTAGT	6
TCTATA	0
TCTATC	1
TCTATG	4
TCTATT	2
TCTCAA	28
TCTCAC	32
TCTCAG	39
TCTCAT	24
TCTCCA	62
TCTCCC	67
TCTCCG	6
TCTCCT	83
TCTCGA	9
TCTCGC	7
TCTCGG	11
TCTCGT	5
TCTCTA	14
TCTCTC	20
TCTCTG	23
TCTCTT	16
TCTGAA	16
TCTGAC	9
TCTGAG	13
TCTGAT	8
TCTGCA	29
TCTGCC	33
TCTGCG	2
TCTGCT	18
TCTGGA	19
TCTGGC	8
TCTGGG	24
TCTGGT	14
TCTGTA	9
TCTGTC	10
TCTGTG	11
TCTGTT	15
TCTTAA	17
TCTTAC	15
TCTTAG	10
TCTTAT	9
TCTTCA	14
TCTTCC	31
TCTTCG	1
TCTTCT	26
TCTTGA	20
TCTTGC	25
TCTTGG	21
TCTTGT	28
TCTTTA	4
TCTTTC	6
TCTTTG	5
TCTTTT	9
TGAAAA	11
TGAAAC	4
TGAAAG	3
TGAAAT	2
TGAACA	6
TGAACC	15
TGAACG	1
TGAACT	4
TGAAGA	8
TGAAGC	5
TGAAGG	5
TGAAGT	6
TGAATA	2
TGAATC	1
TGAATG	4
TGAATT	3
TGACAA	13
TGACAC	11
TGACAG	11
TGACAT	8
TGACCA	21
TGACCC	21
TGACCG	1
TGACCT	36
TGACGA	2
TGACGC	1
TGACGG	2
TGACGT	3
TGACTA	4
TGACTC	4
TGACTG	13
TGACTT	15
TGAGAA	11
TGAGAC	9
TGAGAG	5
TGAGAT	8
TGAGCA	8
TGAGCC	41
TGAGCG	1
TGAGCT	6
TGAGGA	12
TGAGGC	4
TGAGGG	8
TGAGGT	11
TGAGTA	2
TGAGTC	1
TGAGTG	4
TGAGTT	5
TGATAA	6
TGATAC	5
TGATAG	4
TGATAT	5
TGATCA	2
TGATCC	4
TGATCG	0
TGATCT	5
TGATGA	14
TGATGC	9
TGATGG	8
TGATGT	14
TGATTA	1
TGATTC	5
TGATTG	3
TGATTT	1
TGCAAA	7
TGCAAC	4
TGCAAG	0
TGCAAT	6
TGCACA	10
TGCACC	6
TGCACG	0
TGCACT	6
TGCAGA	3
TGCAGC	5
TGCAGG	8
TGCAGT	12
TGCATA	2
TGCATC	2
TGCATG	1
TGCATT	3
TGCCAA	11
TGCCAC	13
TGCCAG	16
TGCCAT	8
TGCCCA	28
TGCCCC	17
TGCCCG	4
TGCCCT	26
TGCCGA	4
TGCCGC	2
TGCCGG	1
TGCCGT	4
TGCCTA	4
TGCCTC	9
TGCCTG	18
TGCCTT	11
TGCGAA	0
TGCGAC	0
TGCGAG	2
TGCGAT	0
TGCGCA	0
TGCGCC	1
TGCGCG	0
TGCGCT	6
TGCGGA	0
TGCGGC	1
TGCGGG	0
TGCGGT	0
TGCGTA	0
TGCGTC	0
TGCGTG	0
TGCGTT	0
TGCTAA	7
TGCTAC	5
TGCTAG	5
TGCTAT	4
TGCTCA	12
TGCTCC	7
TGCTCG	2
TGCTCT	5
TGCTGA	16
TGCTGC	17
TGCTGG	22
TGCTGT	21
TGCTTA	1
TGCTTC	6
TGCTTG	6
TGCTTT	8
TGGAAA	1
TGGAAC	2
TGGAAG	1
TGGAAT	1
TGGACA	3
TGGACC	2
TGGACG	0
TGGACT	3
TGGAGA	5
TGGAGC	2
TGGAGG	7
TGGAGT	6
TGGATA	0
TGGATC	2
TGGATG	0
TGGATT	1
TGGCAA	6
TGGCAC	12
TGGCAG	10
TGGCAT	8
TGGCCA	20
TGGCCC	23
TGGCCG	3
TGGCCT	29
TGGCGA	2
TGGCGC	5
TGGCGG	0
TGGCGT	2
TGGCTA	5
TGGCTC	2
TGGCTG	8
TGGCTT	14
TGGGAA	5
TGGGAC	4
TGGGAG	4
TGGGAT	4
TGGGCA	13
TGGGCC	6
TGGGCG	0
TGGGCT	15
TGGGGA	18
TGGGGC	9
TGGGGG	6
TGGGGT	5
TGGGTA	4
TGGGTC	2
TGGGTG	2
TGGGTT	2
TGGTAA	5
TGGTAC	2
TGGTAG	4
TGGTAT	4
TGGTCA	5
TGGTCC	5
TGGTCG	0
TGGTCT	5
TGGTGA	13
TGGTGC	13
TGGTGG	14
TGGTGT	11
TGGTTA	2
TGGTTC	2
TGGTTG	4
TGGTTT	0
TGTAAA	3
TGTAAC	3
TGTAAG	4
TGTAAT	3
TGTACA	4
TGTACC	10
TGTACG	1
TGTACT	5
TGTAGA	2
TGTAGC	2
TGTAGG	7
TGTAGT	4
TGTATA	2
TGTATC	1
TGTATG	3
TGTATT	3
TGTCAA	6
TGTCAC	13
TGTCAG	18
TGTCAT	12
TGTCCA	38
TGTCCC	41
TGTCCG	3
TGTCCT	50
TGTCGA	2
TGTCGC	3
TGTCGG	2
TGTCGT	3
TGTCTA	9
TGTCTC	8
TGTCTG	18
TGTCTT	16
TGTGAA	6
TGTGAC	8
TGTGAG	7
TGTGAT	2
TGTGCA	21
TGTGCC	18
TGTGCG	1
TGTGCT	12
TGTGGA	9
TGTGGC	22
TGTGGG	10
TGTGGT	40
TGTGTA	3
TGTGTC	6
TGTGTG	14
TGTGTT	12
TGTTAA	11
TGTTAC	5
TGTTAG	5
TGTTAT	11
TGTTCA	8
TGTTCC	7
TGTTCG	0
TGTTCT	10
TGTTGA	12
TGTTGC	8
TGTTGG	9
TGTTGT	14
TGTTTA	4
TGTTTC	3
TGTTTG	1
TGTTTT	7
TTAAAA	23
TTAAAC	10
TTAAAG	8
TTAAAT	3
TTAACA	12
TTAACC	13
TTAACG	0
TTAACT	5
TTAAGA	11
TTAAGC	3
TTAAGG	2
TTAAGT	4
TTAATA	3
TTAATC	2
TTAATG	5
TTAATT	6
TTACAA	10
TTACAC	2
TTACAG	15
TTACAT	10
TTACCA	14
TTACCC	16
TTACCG	1
TTACCT	15
TTACGA	4
TTACGC	4
TTACGG	0
TTACGT	4
TTACTA	9
TTACTC	8
TTACTG	10
TTACTT	5
TTAGAA	3
TTAGAC	4
TTAGAG	4
TTAGAT	4
TTAGCA	12
TTAGCC	11
TTAGCG	0
TTAGCT	4
TTAGGA	13
TTAGGC	7
TTAGGG	3
TTAGGT	8
TTAGTA	4
TTAGTC	2
TTAGTG	3
TTAGTT	5
TTATAA	9
TTATAC	3
TTATAG	3
TTATAT	15
TTATCA	6
TTATCC	7
TTATCG	0
TTATCT	6
TTATGA	9
TTATGC	10
TTATGG	4
TTATGT	19
TTATTA	1
TTATTC	2
TTATTG	0
TTATTT	6
TTCAAA	10
TTCAAC	2
TTCAAG	8
TTCAAT	2
TTCACA	9
TTCACC	6
TTCACG	0
TTCACT	8
TTCAGA	5
TTCAGC	4
TTCAGG	8
TTCAGT	2
TTCATA	3
TTCATC	5
TTCATG	1
TTCATT	1
TTCCAA	7
TTCCAC	7
TTCCAG	13
TTCCAT	3
TTCCCA	32
TTCCCC	21
TTCCCG	6
TTCCCT	10
TTCCGA	0
TTCCGC	3
TTCCGG	0
TTCCGT	2
TTCCTA	4
TTCCTC	12
TTCCTG	24
TTCCTT	13
TTCGAA	0
TTCGAC	0
TTCGAG	2
TTCGAT	0
TTCGCA	3
TTCGCC	1
TTCGCG	0
TTCGCT	1
TTCGGA	1
TTCGGC	2
TTCGGG	1
TTCGGT	2
TTCGTA	0
TTCGTC	0
TTCGTG	0
TTCGTT	0
TTCTAA	16
TTCTAC	7
TTCTAG	3
TTCTAT	8
TTCTCA	9
TTCTCC	7
TTCTCG	0
TTCTCT	12
TTCTGA	15
TTCTGC	6
TTCTGG	13
TTCTGT	25
TTCTTA	2
TTCTTC	5
TTCTTG	4
TTCTTT	2
TTGAAA	4
TTGAAC	3
TTGAAG	3
TTGAAT	1
TTGACA	7
TTGACC	4
TTGACG	0
TTGACT	4
TTGAGA	9
TTGAGC	2
TTGAGG	1
TTGAGT	6
TTGATA	2
TTGATC	0
TTGATG	3
TTGATT	1
TTGCAA	7
TTGCAC	4
TTGCAG	15
TTGCAT	7
TTGCCA	15
TTGCCC	11
TTGCCG	4
TTGCCT	15
TTGCGA	3
TTGCGC	2
TTGCGG	1
TTGCGT	3
TTGCTA	6
TTGCTC	5
TTGCTG	13
TTGCTT	7
TTGGAA	6
TTGGAC	1
TTGGAG	6
TTGGAT	2
TTGGCA	10
TTGGCC	22
TTGGCG	0
TTGGCT	10
TTGGGA	13
TTGGGC	1
TTGGGG	3
TTGGGT	4
TTGGTA	2
TTGGTC	1
TTGGTG	1
TTGGTT	6
TTGTAA	6
TTGTAC	8
TTGTAG	4
TTGTAT	8
TTGTCA	5
TTGTCC	2
TTGTCG	1
TTGTCT	6
TTGTGA	14
TTGTGC	17
TTGTGG	14
TTGTGT	10
TTGTTA	1
TTGTTC	2
TTGTTG	2
TTGTTT	6
TTTAAA	13
TTTAAC	3
TTTAAG	6
TTTAAT	4
TTTACA	4
TTTACC	8
TTTACG	2
TTTACT	10
TTTAGA	9
TTTAGC	3
TTTAGG	4
TTTAGT	5
TTTATA	4
TTTATC	2
TTTATG	2
TTTATT	6
TTTCAA	11
TTTCAC	17
TTTCAG	15
TTTCAT	17
TTTCCA	40
TTTCCC	46
TTTCCG	4
TTTCCT	56
TTTCGA	4
TTTCGC	3
TTTCGG	2
TTTCGT	1
TTTCTA	11
TTTCTC	10
TTTCTG	16
TTTCTT	21
TTTGAA	3
TTTGAC	3
TTTGAG	8
TTTGAT	7
TTTGCA	10
TTTGCC	14
TTTGCG	0
TTTGCT	20
TTTGGA	12
TTTGGC	8
TTTGGG	10
TTTGGT	9
TTTGTA	7
TTTGTC	3
TTTGTG	9
TTTGTT	8
TTTTAA	28
TTTTAC	18
TTTTAG	9
TTTTAT	14
TTTTCA	12
TTTTCC	16
TTTTCG	1
TTTTCT	17
TTTTGA	13
TTTTGC	13
TTTTGG	10
TTTTGT	42
TTTTTA	8
TTTTTC	6
TTTTTG	8
TTTTTT	14
