sequence	count
AAAAAA	8
AAAAAC	2
AAAAAG	0
AAAAAT	0
AAAACA	3
AAAACC	1
AAAACG	0
AAAACT	1
AAAAGA	6
AAAAGC	2
AAAAGG	4
AAAAGT	1
AAAATA	1
AAAATC	0
AAAATG	0
AAAATT	0
AAACAA	10
AAACAC	2
AAACAG	6
AAACAT	5
AAACCA	2
AAACCC	6
AAACCG	0
AAACCT	8
AAACGA	0
AAACGC	3
AAACGG	0
AAACGT	1
AAACTA	3
AAACTC	2
AAACTG	8
AAACTT	2
AAAGAA	6
AAAGAC	4
AAAGAG	1
AAAGAT	1
AAAGCA	5
AAAGCC	5
AAAGCG	0
AAAGCT	3
AAAGGA	2
AAAGGC	2
AAAGGG	5
AAAGGT	3
AAAGTA	2
AAAGTC	0
AAAGTG	1
AAAGTT	3
AAATAA	4
AAATAC	5
AAATAG	3
AAATAT	4
AAATCA	0
AAATCC	1
AAATCG	0
AAATCT	2
AAATGA	5
AAATGC	2
AAATGG	9
AAATGT	4
AAATTA	1
AAATTC	1
AAATTG	0
AAATTT	1
AACAAA	2
AACAAC	1
AACAAG	0
AACAAT	0
AACACA	1
AACACC	6
AACACG	1
AACACT	1
AACAGA	3
AACAGC	0
AACAGG	2
AACAGT	0
AACATA	1
AACATC	1
AACATG	1
AACATT	1
AACCAA	2
AACCAC	0
AACCAG	2
AACCAT	1
AACCCA	2
AACCCC	7
AACCCG	1
AACCCT	6
AACCGA	0
AACCGC	0
AACCGG	0
AACCGT	1
AACCTA	1
AACCTC	2
AACCTG	1
AACCTT	1
AACGAA	0
AACGAC	0
AACGAG	0
AACGAT	0
AACGCA	0
AACGCC	1
AACGCG	0
AACGCT	0
AACGGA	0
AACGGC	0
AACGGG	0
AACGGT	0
AACGTA	0
AACGTC	0
AACGTG	0
AACGTT	0
AACTAA	0
AACTAC	0
AACTAG	1
AACTAT	0
AACTCA	1
AACTCC	0
AACTCG	0
AACTCT	0
AACTGA	0
AACTGC	1
AACTGG	1
AACTGT	2
AACTTA	1
AACTTC	0
AACTTG	1
AACTTT	1
AAGAAA	0
AAGAAC	0
AAGAAG	1
AAGAAT	0
AAGACA	0
AAGACC	1
AAGACG	1
AAGACT	0
AAGAGA	2
AAGAGC	2
AAGAGG	1
AAGAGT	1
AAGATA	1
AAGATC	1
AAGATG	1
AAGATT	0
AAGCAA	2
AAGCAC	0
AAGCAG	4
AAGCAT	2
AAGCCA	7
AAGCCC	7
AAGCCG	0
AAGCCT	5
AAGCGA	2
AAGCGC	4
AAGCGG	0
AAGCGT	2
AAGCTA	0
AAGCTC	1
AAGCTG	1
AAGCTT	1
AAGGAA	3
AAGGAC	3
AAGGAG	1
AAGGAT	1
AAGGCA	4
AAGGCC	3
AAGGCG	0
AAGGCT	4
AAGGGA	2
AAGGGC	1
AAGGGG	4
AAGGGT	1
AAGGTA	0
AAGGTC	0
AAGGTG	3
AAGGTT	0
AAGTAA	1
AAGTAC	0
AAGTAG	0
AAGTAT	0
AAGTCA	0
AAGTCC	3
AAGTCG	0
AAGTCT	0
AAGTGA	2
AAGTGC	2
AAGTGG	3
AAGTGT	7
AAGTTA	1
AAGTTC	0
AAGTTG	1
AAGTTT	1
AATAAA	3
AATAAC	0
AATAAG	1
AATAAT	0
AATACA	2
AATACC	0
AATACG	0
AATACT	1
AATAGA	2
AATAGC	1
AATAGG	2
AATAGT	2
AATATA	0
AATATC	0
AATATG	0
AATATT	0
AATCAA	1
AATCAC	0
AATCAG	2
AATCAT	3
AATCCA	8
AATCCC	5
AATCCG	1
AATCCT	8
AATCGA	1
AATCGC	0
AATCGG	0
AATCGT	0
AATCTA	2
AATCTC	0
AATCTG	1
AATCTT	2
AATGAA	0
AATGAC	0
AATGAG	2
AATGAT	1
AATGCA	1
AATGCC	2
AATGCG	0
AATGCT	6
AATGGA	2
AATGGC	0
AATGGG	0
AATGGT	1
AATGTA	0
AATGTC	0
AATGTG	1
AATGTT	0
AATTAA	2
AATTAC	1
AATTAG	0
AATTAT	2
AATTCA	1
AATTCC	1
AATTCG	0
AATTCT	1
AATTGA	2
AATTGC	2
AATTGG	2
AATTGT	0
AATTTA	1
AATTTC	0
AATTTG	1
AATTTT	0
ACAAAA	3
ACAAAC	3
ACAAAG	6
ACAAAT	0
ACAACA	4
ACAACC	3
ACAACG	0
ACAACT	6
ACAAGA	6
ACAAGC	3
ACAAGG	1
ACAAGT	1
ACAATA	2
ACAATC	2
ACAATG	1
ACAATT	0
ACACAA	6
ACACAC	13
ACACAG	11
ACACAT	13
ACACCA	15
ACACCC	20
ACACCG	1
ACACCT	16
ACACGA	2
ACACGC	8
ACACGG	7
ACACGT	2
ACACTA	6
ACACTC	4
ACACTG	1
ACACTT	6
ACAGAA	6
ACAGAC	5
ACAGAG	4
ACAGAT	4
ACAGCA	16
ACAGCC	14
ACAGCG	1
ACAGCT	11
ACAGGA	2
ACAGGC	12
ACAGGG	5
ACAGGT	9
ACAGTA	4
ACAGTC	1
ACAGTG	1
ACAGTT	3
ACATAA	3
ACATAC	0
ACATAG	3
ACATAT	4
ACATCA	4
ACATCC	3
ACATCG	1
ACATCT	5
ACATGA	6
ACATGC	6
ACATGG	3
ACATGT	4
ACATTA	0
ACATTC	3
ACATTG	0
ACATTT	2
ACCAAA	2
ACCAAC	1
ACCAAG	1
ACCAAT	0
ACCACA	3
ACCACC	6
ACCACG	0
ACCACT	3
ACCAGA	0
ACCAGC	1
ACCAGG	1
ACCAGT	0
ACCATA	1
ACCATC	0
ACCATG	1
ACCATT	2
ACCCAA	3
ACCCAC	3
ACCCAG	5
ACCCAT	4
ACCCCA	6
ACCCCC	10
ACCCCG	5
ACCCCT	15
ACCCGA	1
ACCCGC	3
ACCCGG	3
ACCCGT	0
ACCCTA	2
ACCCTC	1
ACCCTG	2
ACCCTT	1
ACCGAA	1
ACCGAC	0
ACCGAG	0
ACCGAT	0
ACCGCA	0
ACCGCC	0
ACCGCG	0
ACCGCT	0
ACCGGA	4
ACCGGC	1
ACCGGG	1
ACCGGT	0
ACCGTA	1
ACCGTC	0
ACCGTG	0
ACCGTT	1
ACCTAA	0
ACCTAC	1
ACCTAG	1
ACCTAT	2
ACCTCA	3
ACCTCC	5
ACCTCG	0
ACCTCT	4
ACCTGA	5
ACCTGC	3
ACCTGG	7
ACCTGT	4
ACCTTA	0
ACCTTC	1
ACCTTG	3
ACCTTT	2
ACGAAA	0
ACGAAC	0
ACGAAG	0
ACGAAT	0
ACGACA	1
ACGACC	1
ACGACG	0
ACGACT	2
ACGAGA	0
ACGAGC	0
ACGAGG	0
ACGAGT	2
ACGATA	1
ACGATC	0
ACGATG	0
ACGATT	0
ACGCAA	1
ACGCAC	2
ACGCAG	2
ACGCAT	0
ACGCCA	3
ACGCCC	4
ACGCCG	1
ACGCCT	3
ACGCGA	0
ACGCGC	2
ACGCGG	1
ACGCGT	1
ACGCTA	0
ACGCTC	1
ACGCTG	1
ACGCTT	1
ACGGAA	0
ACGGAC	1
ACGGAG	0
ACGGAT	0
ACGGCA	4
ACGGCC	3
ACGGCG	0
ACGGCT	0
ACGGGA	2
ACGGGC	1
ACGGGG	0
ACGGGT	2
ACGGTA	0
ACGGTC	0
ACGGTG	0
ACGGTT	1
ACGTAA	2
ACGTAC	1
ACGTAG	0
ACGTAT	0
ACGTCA	1
ACGTCC	1
ACGTCG	0
ACGTCT	1
ACGTGA	2
ACGTGC	3
ACGTGG	0
ACGTGT	2
ACGTTA	0
ACGTTC	0
ACGTTG	0
ACGTTT	0
ACTAAA	5
ACTAAC	7
ACTAAG	2
ACTAAT	0
ACTACA	0
ACTACC	8
ACTACG	0
ACTACT	0
ACTAGA	1
ACTAGC	0
ACTAGG	1
ACTAGT	0
ACTATA	2
ACTATC	0
ACTATG	1
ACTATT	0
ACTCAA	9
ACTCAC	4
ACTCAG	6
ACTCAT	3
ACTCCA	13
ACTCCC	19
ACTCCG	5
ACTCCT	27
ACTCGA	1
ACTCGC	4
ACTCGG	4
ACTCGT	3
ACTCTA	1
ACTCTC	2
ACTCTG	5
ACTCTT	4
ACTGAA	2
ACTGAC	6
ACTGAG	4
ACTGAT	5
ACTGCA	6
ACTGCC	10
ACTGCG	4
ACTGCT	8
ACTGGA	5
ACTGGC	4
ACTGGG	5
ACTGGT	5
ACTGTA	0
ACTGTC	3
ACTGTG	1
ACTGTT	0
ACTTAA	5
ACTTAC	2
ACTTAG	6
ACTTAT	4
ACTTCA	1
ACTTCC	4
ACTTCG	0
ACTTCT	3
ACTTGA	4
ACTTGC	2
ACTTGG	4
ACTTGT	5
ACTTTA	3
ACTTTC	2
ACTTTG	3
ACTTTT	2
AGAAAA	6
AGAAAC	2
AGAAAG	3
AGAAAT	0
AGAACA	2
AGAACC	5
AGAACG	1
AGAACT	0
AGAAGA	6
AGAAGC	3
AGAAGG	5
AGAAGT	0
AGAATA	1
AGAATC	1
AGAATG	0
AGAATT	1
AGACAA	2
AGACAC	3
AGACAG	7
AGACAT	1
AGACCA	8
AGACCC	11
AGACCG	2
AGACCT	9
AGACGA	2
AGACGC	1
AGACGG	8
AGACGT	2
AGACTA	2
AGACTC	1
AGACTG	4
AGACTT	2
AGAGAA	6
AGAGAC	4
AGAGAG	2
AGAGAT	1
AGAGCA	3
AGAGCC	8
AGAGCG	1
AGAGCT	3
AGAGGA	8
AGAGGC	5
AGAGGG	2
AGAGGT	2
AGAGTA	0
AGAGTC	1
AGAGTG	0
AGAGTT	2
AGATAA	2
AGATAC	2
AGATAG	0
AGATAT	2
AGATCA	0
AGATCC	1
AGATCG	2
AGATCT	0
AGATGA	3
AGATGC	2
AGATGG	2
AGATGT	2
AGATTA	0
AGATTC	0
AGATTG	0
AGATTT	1
AGCAAA	3
AGCAAC	2
AGCAAG	0
AGCAAT	2
AGCACA	2
AGCACC	4
AGCACG	0
AGCACT	4
AGCAGA	0
AGCAGC	5
AGCAGG	3
AGCAGT	1
AGCATA	0
AGCATC	0
AGCATG	2
AGCATT	0
AGCCAA	5
AGCCAC	3
AGCCAG	4
AGCCAT	5
AGCCCA	10
AGCCCC	14
AGCCCG	1
AGCCCT	14
AGCCGA	3
AGCCGC	1
AGCCGG	1
AGCCGT	1
AGCCTA	1
AGCCTC	5
AGCCTG	2
AGCCTT	4
AGCGAA	1
AGCGAC	0
AGCGAG	0
AGCGAT	1
AGCGCA	0
AGCGCC	7
AGCGCG	0
AGCGCT	3
AGCGGA	1
AGCGGC	1
AGCGGG	1
AGCGGT	0
AGCGTA	0
AGCGTC	0
AGCGTG	0
AGCGTT	0
AGCTAA	2
AGCTAC	0
AGCTAG	0
AGCTAT	3
AGCTCA	0
AGCTCC	2
AGCTCG	1
AGCTCT	0
AGCTGA	3
AGCTGC	4
AGCTGG	4
AGCTGT	5
AGCTTA	2
AGCTTC	0
AGCTTG	0
AGCTTT	0
AGGAAA	4
AGGAAC	0
AGGAAG	1
AGGAAT	2
AGGACA	1
AGGACC	2
AGGACG	0
AGGACT	2
AGGAGA	4
AGGAGC	3
AGGAGG	5
AGGAGT	2
AGGATA	0
AGGATC	0
AGGATG	1
AGGATT	0
AGGCAA	5
AGGCAC	5
AGGCAG	6
AGGCAT	0
AGGCCA	8
AGGCCC	11
AGGCCG	5
AGGCCT	10
AGGCGA	1
AGGCGC	1
AGGCGG	1
AGGCGT	1
AGGCTA	2
AGGCTC	4
AGGCTG	4
AGGCTT	2
AGGGAA	2
AGGGAC	4
AGGGAG	4
AGGGAT	1
AGGGCA	8
AGGGCC	11
AGGGCG	0
AGGGCT	6
AGGGGA	6
AGGGGC	4
AGGGGG	0
AGGGGT	6
AGGGTA	1
AGGGTC	1
AGGGTG	1
AGGGTT	1
AGGTAA	0
AGGTAC	1
AGGTAG	2
AGGTAT	1
AGGTCA	3
AGGTCC	0
AGGTCG	1
AGGTCT	1
AGGTGA	1
AGGTGC	1
AGGTGG	5
AGGTGT	2
AGGTTA	1
AGGTTC	0
AGGTTG	0
AGGTTT	0
AGTAAA	2
AGTAAC	0
AGTAAG	1
AGTAAT	3
AGTACA	2
AGTACC	3
AGTACG	0
AGTACT	3
AGTAGA	3
AGTAGC	1
AGTAGG	1
AGTAGT	2
AGTATA	0
AGTATC	1
AGTATG	0
AGTATT	1
AGTCAA	3
AGTCAC	4
AGTCAG	2
AGTCAT	4
AGTCCA	10
AGTCCC	19
AGTCCG	0
AGTCCT	10
AGTCGA	2
AGTCGC	0
AGTCGG	1
AGTCGT	3
AGTCTA	1
AGTCTC	0
AGTCTG	0
AGTCTT	7
AGTGAA	3
AGTGAC	1
AGTGAG	2
AGTGAT	2
AGTGCA	3
AGTGCC	7
AGTGCG	0
AGTGCT	1
AGTGGA	5
AGTGGC	9
AGTGGG	4
AGTGGT	2
AGTGTA	0
AGTGTC	4
AGTGTG	0
AGTGTT	2
AGTTAA	0
AGTTAC	1
AGTTAG	0
AGTTAT	2
AGTTCA	1
AGTTCC	0
AGTTCG	1
AGTTCT	5
AGTTGA	5
AGTTGC	3
AGTTGG	2
AGTTGT	0
AGTTTA	2
AGTTTC	0
AGTTTG	1
AGTTTT	2
ATAAAA	2
ATAAAC	2
ATAAAG	5
ATAAAT	2
ATAACA	8
ATAACC	1
ATAACG	0
ATAACT	2
ATAAGA	3
ATAAGC	7
ATAAGG	1
ATAAGT	1
ATAATA	2
ATAATC	0
ATAATG	2
ATAATT	2
ATACAA	4
ATACAC	4
ATACAG	7
ATACAT	3
ATACCA	8
ATACCC	5
ATACCG	0
ATACCT	6
ATACGA	1
ATACGC	3
ATACGG	0
ATACGT	2
ATACTA	2
ATACTC	3
ATACTG	3
ATACTT	7
ATAGAA	5
ATAGAC	3
ATAGAG	0
ATAGAT	0
ATAGCA	1
ATAGCC	4
ATAGCG	0
ATAGCT	2
ATAGGA	3
ATAGGC	2
ATAGGG	2
ATAGGT	3
ATAGTA	1
ATAGTC	0
ATAGTG	0
ATAGTT	5
ATATAA	2
ATATAC	2
ATATAG	1
ATATAT	4
ATATCA	2
ATATCC	1
ATATCG	0
ATATCT	4
ATATGA	2
ATATGC	1
ATATGG	3
ATATGT	5
ATATTA	2
ATATTC	0
ATATTG	1
ATATTT	3
ATCAAA	4
ATCAAC	0
ATCAAG	1
ATCAAT	0
ATCACA	6
ATCACC	3
ATCACG	0
ATCACT	2
ATCAGA	2
ATCAGC	0
ATCAGG	3
ATCAGT	0
ATCATA	0
ATCATC	1
ATCATG	0
ATCATT	0
ATCCAA	2
ATCCAC	3
ATCCAG	1
ATCCAT	2
ATCCCA	15
ATCCCC	12
ATCCCG	2
ATCCCT	9
ATCCGA	1
ATCCGC	0
ATCCGG	1
ATCCGT	2
ATCCTA	2
ATCCTC	4
ATCCTG	5
ATCCTT	1
ATCGAA	2
ATCGAC	1
ATCGAG	0
ATCGAT	0
ATCGCA	0
ATCGCC	0
ATCGCG	0
ATCGCT	5
ATCGGA	2
ATCGGC	1
ATCGGG	1
ATCGGT	0
ATCGTA	0
ATCGTC	0
ATCGTG	0
ATCGTT	1
ATCTAA	2
ATCTAC	2
ATCTAG	4
ATCTAT	4
ATCTCA	1
ATCTCC	1
ATCTCG	1
ATCTCT	7
ATCTGA	3
ATCTGC	2
ATCTGG	5
ATCTGT	4
ATCTTA	2
ATCTTC	0
ATCTTG	0
ATCTTT	1
ATGAAA	1
ATGAAC	0
ATGAAG	3
ATGAAT	2
ATGACA	3
ATGACC	2
ATGACG	0
ATGACT	2
ATGAGA	1
ATGAGC	1
ATGAGG	0
ATGAGT	2
ATGATA	0
ATGATC	3
ATGATG	0
ATGATT	2
ATGCAA	4
ATGCAC	4
ATGCAG	0
ATGCAT	1
ATGCCA	6
ATGCCC	6
ATGCCG	1
ATGCCT	13
ATGCGA	1
ATGCGC	5
ATGCGG	0
ATGCGT	2
ATGCTA	1
ATGCTC	0
ATGCTG	1
ATGCTT	4
ATGGAA	3
ATGGAC	1
ATGGAG	3
ATGGAT	3
ATGGCA	3
ATGGCC	5
ATGGCG	1
ATGGCT	3
ATGGGA	2
ATGGGC	6
ATGGGG	3
ATGGGT	3
ATGGTA	1
ATGGTC	0
ATGGTG	1
ATGGTT	0
ATGTAA	0
ATGTAC	1
ATGTAG	0
ATGTAT	3
ATGTCA	3
ATGTCC	3
ATGTCG	0
ATGTCT	1
ATGTGA	4
ATGTGC	7
ATGTGG	4
ATGTGT	7
ATGTTA	2
ATGTTC	0
ATGTTG	0
ATGTTT	0
ATTAAA	3
ATTAAC	1
ATTAAG	1
ATTAAT	1
ATTACA	4
ATTACC	3
ATTACG	1
ATTACT	2
ATTAGA	1
ATTAGC	4
ATTAGG	3
ATTAGT	2
ATTATA	0
ATTATC	1
ATTATG	1
ATTATT	3
ATTCAA	6
ATTCAC	6
ATTCAG	9
ATTCAT	7
ATTCCA	15
ATTCCC	16
ATTCCG	1
ATTCCT	16
ATTCGA	0
ATTCGC	0
ATTCGG	2
ATTCGT	3
ATTCTA	3
ATTCTC	1
ATTCTG	4
ATTCTT	6
ATTGAA	2
ATTGAC	0
ATTGAG	1
ATTGAT	1
ATTGCA	5
ATTGCC	9
ATTGCG	1
ATTGCT	7
ATTGGA	2
ATTGGC	4
ATTGGG	1
ATTGGT	2
ATTGTA	3
ATTGTC	0
ATTGTG	0
ATTGTT	3
ATTTAA	10
ATTTAC	4
ATTTAG	2
ATTTAT	8
ATTTCA	4
ATTTCC	3
ATTTCG	0
ATTTCT	2
ATTTGA	8
ATTTGC	4
ATTTGG	7
ATTTGT	8
ATTTTA	0
ATTTTC	0
ATTTTG	0
ATTTTT	3
CAAAAA	4
CAAAAC	4
CAAAAG	4
CAAAAT	1
CAAACA	4
CAAACC	4
CAAACG	1
CAAACT	0
CAAAGA	6
CAAAGC	1
CAAAGG	3
CAAAGT	4
CAAATA	1
CAAATC	1
CAAATG	1
CAAATT	2
CAACAA	6
CAACAC	5
CAACAG	9
CAACAT	2
CAACCA	11
CAACCC	15
CAACCG	1
CAACCT	6
CAACGA	2
CAACGC	1
CAACGG	2
CAACGT	1
CAACTA	1
CAACTC	4
CAACTG	1
CAACTT	6
CAAGAA	3
CAAGAC	0
CAAGAG	5
CAAGAT	2
CAAGCA	5
CAAGCC	4
CAAGCG	2
CAAGCT	6
CAAGGA	3
CAAGGC	5
CAAGGG	7
CAAGGT	2
CAAGTA	0
CAAGTC	1
CAAGTG	1
CAAGTT	3
CAATAA	11
CAATAC	1
CAATAG	1
CAATAT	2
CAATCA	6
CAATCC	4
CAATCG	0
CAATCT	5
CAATGA	2
CAATGC	2
CAATGG	4
CAATGT	4
CAATTA	2
CAATTC	0
CAATTG	1
CAATTT	1
CACAAA	1
CACAAC	0
CACAAG	0
CACAAT	0
CACACA	3
CACACC	1
CACACG	2
CACACT	0
CACAGA	2
CACAGC	3
CACAGG	3
CACAGT	0
CACATA	0
CACATC	0
CACATG	2
CACATT	1
CACCAA	2
CACCAC	0
CACCAG	2
CACCAT	2
CACCCA	8
CACCCC	8
CACCCG	0
CACCCT	8
CACCGA	1
CACCGC	2
CACCGG	1
CACCGT	0
CACCTA	3
CACCTC	5
CACCTG	9
CACCTT	4
CACGAA	1
CACGAC	0
CACGAG	0
CACGAT	0
CACGCA	1
CACGCC	1
CACGCG	1
CACGCT	0
CACGGA	0
CACGGC	1
CACGGG	1
CACGGT	0
CACGTA	0
CACGTC	0
CACGTG	0
CACGTT	0
CACTAA	1
CACTAC	2
CACTAG	1
CACTAT	1
CACTCA	1
CACTCC	3
CACTCG	0
CACTCT	2
CACTGA	5
CACTGC	4
CACTGG	2
CACTGT	4
CACTTA	0
CACTTC	0
CACTTG	0
CACTTT	2
CAGAAA	1
CAGAAC	1
CAGAAG	1
CAGAAT	0
CAGACA	4
CAGACC	5
CAGACG	0
CAGACT	1
CAGAGA	5
CAGAGC	3
CAGAGG	0
CAGAGT	1
CAGATA	0
CAGATC	0
CAGATG	0
CAGATT	0
CAGCAA	3
CAGCAC	7
CAGCAG	6
CAGCAT	2
CAGCCA	11
CAGCCC	14
CAGCCG	3
CAGCCT	17
CAGCGA	1
CAGCGC	6
CAGCGG	1
CAGCGT	4
CAGCTA	1
CAGCTC	3
CAGCTG	4
CAGCTT	2
CAGGAA	2
CAGGAC	0
CAGGAG	1
CAGGAT	1
CAGGCA	4
CAGGCC	7
CAGGCG	3
CAGGCT	5
CAGGGA	9
CAGGGC	3
CAGGGG	6
CAGGGT	4
CAGGTA	0
CAGGTC	2
CAGGTG	2
CAGGTT	1
CAGTAA	6
CAGTAC	2
CAGTAG	3
CAGTAT	3
CAGTCA	2
CAGTCC	2
CAGTCG	0
CAGTCT	2
CAGTGA	5
CAGTGC	2
CAGTGG	5
CAGTGT	4
CAGTTA	2
CAGTTC	0
CAGTTG	2
CAGTTT	1
CATAAA	1
CATAAC	0
CATAAG	0
CATAAT	0
CATACA	0
CATACC	2
CATACG	0
CATACT	2
CATAGA	1
CATAGC	2
CATAGG	1
CATAGT	1
CATATA	0
CATATC	0
CATATG	0
CATATT	0
CATCAA	3
CATCAC	4
CATCAG	3
CATCAT	6
CATCCA	9
CATCCC	12
CATCCG	3
CATCCT	17
CATCGA	1
CATCGC	0
CATCGG	2
CATCGT	2
CATCTA	2
CATCTC	3
CATCTG	1
CATCTT	4
CATGAA	1
CATGAC	3
CATGAG	0
CATGAT	2
CATGCA	5
CATGCC	3
CATGCG	0
CATGCT	6
CATGGA	6
CATGGC	5
CATGGG	4
CATGGT	5
CATGTA	1
CATGTC	1
CATGTG	1
CATGTT	4
CATTAA	0
CATTAC	0
CATTAG	2
CATTAT	2
CATTCA	1
CATTCC	2
CATTCG	0
CATTCT	1
CATTGA	2
CATTGC	1
CATTGG	0
CATTGT	6
CATTTA	0
CATTTC	4
CATTTG	1
CATTTT	1
CCAAAA	7
CCAAAC	4
CCAAAG	3
CCAAAT	4
CCAACA	5
CCAACC	9
CCAACG	1
CCAACT	8
CCAAGA	6
CCAAGC	3
CCAAGG	11
CCAAGT	10
CCAATA	3
CCAATC	2
CCAATG	1
CCAATT	2
CCACAA	7
CCACAC	15
CCACAG	10
CCACAT	6
CCACCA	21
CCACCC	61
CCACCG	8
CCACCT	26
CCACGA	2
CCACGC	13
CCACGG	15
CCACGT	5
CCACTA	3
CCACTC	12
CCACTG	14
CCACTT	8
CCAGAA	8
CCAGAC	2
CCAGAG	5
CCAGAT	1
CCAGCA	17
CCAGCC	34
CCAGCG	4
CCAGCT	18
CCAGGA	20
CCAGGC	24
CCAGGG	14
CCAGGT	9
CCAGTA	3
CCAGTC	3
CCAGTG	3
CCAGTT	6
CCATAA	4
CCATAC	4
CCATAG	4
CCATAT	4
CCATCA	6
CCATCC	12
CCATCG	3
CCATCT	11
CCATGA	7
CCATGC	14
CCATGG	7
CCATGT	10
CCATTA	1
CCATTC	2
CCATTG	1
CCATTT	3
CCCAAA	4
CCCAAC	5
CCCAAG	1
CCCAAT	0
CCCACA	4
CCCACC	4
CCCACG	0
CCCACT	6
CCCAGA	3
CCCAGC	11
CCCAGG	9
CCCAGT	2
CCCATA	1
CCCATC	2
CCCATG	3
CCCATT	0
CCCCAA	8
CCCCAC	9
CCCCAG	15
CCCCAT	4
CCCCCA	25
CCCCCC	28
CCCCCG	3
CCCCCT	14
CCCCGA	6
CCCCGC	8
CCCCGG	8
CCCCGT	5
CCCCTA	3
CCCCTC	9
CCCCTG	10
CCCCTT	6
CCCGAA	0
CCCGAC	0
CCCGAG	2
CCCGAT	0
CCCGCA	3
CCCGCC	4
CCCGCG	0
CCCGCT	5
CCCGGA	2
CCCGGC	9
CCCGGG	3
CCCGGT	0
CCCGTA	0
CCCGTC	0
CCCGTG	1
CCCGTT	1
CCCTAA	5
CCCTAC	4
CCCTAG	1
CCCTAT	3
CCCTCA	5
CCCTCC	14
CCCTCG	1
CCCTCT	8
CCCTGA	8
CCCTGC	14
CCCTGG	10
CCCTGT	10
CCCTTA	1
CCCTTC	0
CCCTTG	3
CCCTTT	3
CCGAAA	1
CCGAAC	0
CCGAAG	0
CCGAAT	1
CCGACA	1
CCGACC	0
CCGACG	0
CCGACT	0
CCGAGA	1
CCGAGC	3
CCGAGG	4
CCGAGT	3
CCGATA	0
CCGATC	0
CCGATG	0
CCGATT	0
CCGCAA	2
CCGCAC	1
CCGCAG	4
CCGCAT	2
CCGCCA	6
CCGCCC	28
CCGCCG	6
CCGCCT	13
CCGCGA	1
CCGCGC	5
CCGCGG	2
CCGCGT	5
CCGCTA	1
CCGCTC	0
CCGCTG	3
CCGCTT	2
CCGGAA	1
CCGGAC	2
CCGGAG	4
CCGGAT	1
CCGGCA	4
CCGGCC	2
CCGGCG	2
CCGGCT	7
CCGGGA	7
CCGGGC	6
CCGGGG	1
CCGGGT	3
CCGGTA	0
CCGGTC	1
CCGGTG	1
CCGGTT	0
CCGTAA	1
CCGTAC	1
CCGTAG	0
CCGTAT	1
CCGTCA	0
CCGTCC	1
CCGTCG	0
CCGTCT	0
CCGTGA	4
CCGTGC	5
CCGTGG	3
CCGTGT	5
CCGTTA	0
CCGTTC	2
CCGTTG	0
CCGTTT	1
CCTAAA	3
CCTAAC	2
CCTAAG	0
CCTAAT	1
CCTACA	7
CCTACC	11
CCTACG	0
CCTACT	4
CCTAGA	1
CCTAGC	1
CCTAGG	4
CCTAGT	1
CCTATA	1
CCTATC	1
CCTATG	1
CCTATT	2
CCTCAA	10
CCTCAC	14
CCTCAG	18
CCTCAT	6
CCTCCA	34
CCTCCC	100
CCTCCG	11
CCTCCT	58
CCTCGA	2
CCTCGC	13
CCTCGG	7
CCTCGT	9
CCTCTA	2
CCTCTC	6
CCTCTG	9
CCTCTT	16
CCTGAA	10
CCTGAC	11
CCTGAG	8
CCTGAT	3
CCTGCA	7
CCTGCC	27
CCTGCG	3
CCTGCT	16
CCTGGA	14
CCTGGC	29
CCTGGG	23
CCTGGT	11
CCTGTA	2
CCTGTC	7
CCTGTG	5
CCTGTT	6
CCTTAA	2
CCTTAC	5
CCTTAG	5
CCTTAT	6
CCTTCA	10
CCTTCC	33
CCTTCG	2
CCTTCT	13
CCTTGA	13
CCTTGC	9
CCTTGG	22
CCTTGT	12
CCTTTA	3
CCTTTC	2
CCTTTG	1
CCTTTT	1
CGAAAA	0
CGAAAC	0
CGAAAG	0
CGAAAT	1
CGAACA	0
CGAACC	0
CGAACG	0
CGAACT	0
CGAAGA	1
CGAAGC	0
CGAAGG	1
CGAAGT	2
CGAATA	0
CGAATC	1
CGAATG	1
CGAATT	0
CGACAA	0
CGACAC	1
CGACAG	1
CGACAT	0
CGACCA	2
CGACCC	6
CGACCG	0
CGACCT	4
CGACGA	2
CGACGC	0
CGACGG	2
CGACGT	2
CGACTA	2
CGACTC	0
CGACTG	0
CGACTT	2
CGAGAA	0
CGAGAC	0
CGAGAG	1
CGAGAT	1
CGAGCA	1
CGAGCC	1
CGAGCG	0
CGAGCT	3
CGAGGA	1
CGAGGC	2
CGAGGG	0
CGAGGT	3
CGAGTA	0
CGAGTC	2
CGAGTG	1
CGAGTT	0
CGATAA	0
CGATAC	1
CGATAG	2
CGATAT	2
CGATCA	1
CGATCC	0
CGATCG	0
CGATCT	0
CGATGA	0
CGATGC	0
CGATGG	1
CGATGT	0
CGATTA	1
CGATTC	1
CGATTG	0
CGATTT	0
CGCAAA	0
CGCAAC	0
CGCAAG	1
CGCAAT	0
CGCACA	0
CGCACC	0
CGCACG	0
CGCACT	1
CGCAGA	0
CGCAGC	1
CGCAGG	1
CGCAGT	1
CGCATA	0
CGCATC	0
CGCATG	0
CGCATT	0
CGCCAA	2
CGCCAC	2
CGCCAG	3
CGCCAT	0
CGCCCA	3
CGCCCC	7
CGCCCG	6
CGCCCT	5
CGCCGA	1
CGCCGC	2
CGCCGG	1
CGCCGT	0
CGCCTA	0
CGCCTC	0
CGCCTG	2
CGCCTT	1
CGCGAA	0
CGCGAC	0
CGCGAG	0
CGCGAT	0
CGCGCA	1
CGCGCC	3
CGCGCG	1
CGCGCT	2
CGCGGA	0
CGCGGC	0
CGCGGG	1
CGCGGT	0
CGCGTA	0
CGCGTC	0
CGCGTG	0
CGCGTT	0
CGCTAA	2
CGCTAC	0
CGCTAG	0
CGCTAT	1
CGCTCA	0
CGCTCC	2
CGCTCG	2
CGCTCT	2
CGCTGA	3
CGCTGC	2
CGCTGG	1
CGCTGT	1
CGCTTA	0
CGCTTC	1
CGCTTG	0
CGCTTT	1
CGGAAA	0
CGGAAC	1
CGGAAG	0
CGGAAT	0
CGGACA	0
CGGACC	1
CGGACG	0
CGGACT	0
CGGAGA	0
CGGAGC	2
CGGAGG	2
CGGAGT	0
CGGATA	0
CGGATC	0
CGGATG	0
CGGATT	0
CGGCAA	0
CGGCAC	3
CGGCAG	1
CGGCAT	0
CGGCCA	3
CGGCCC	8
CGGCCG	2
CGGCCT	5
CGGCGA	0
CGGCGC	1
CGGCGG	2
CGGCGT	0
CGGCTA	0
CGGCTC	0
CGGCTG	0
CGGCTT	1
CGGGAA	0
CGGGAC	2
CGGGAG	1
CGGGAT	0
CGGGCA	3
CGGGCC	3
CGGGCG	2
CGGGCT	2
CGGGGA	2
CGGGGC	8
CGGGGG	1
CGGGGT	1
CGGGTA	0
CGGGTC	0
CGGGTG	1
CGGGTT	0
CGGTAA	1
CGGTAC	0
CGGTAG	0
CGGTAT	0
CGGTCA	1
CGGTCC	1
CGGTCG	0
CGGTCT	0
CGGTGA	1
CGGTGC	1
CGGTGG	0
CGGTGT	0
CGGTTA	0
CGGTTC	0
CGGTTG	2
CGGTTT	0
CGTAAA	0
CGTAAC	0
CGTAAG	1
CGTAAT	0
CGTACA	0
CGTACC	0
CGTACG	0
CGTACT	0
CGTAGA	1
CGTAGC	1
CGTAGG	0
CGTAGT	0
CGTATA	0
CGTATC	0
CGTATG	0
CGTATT	0
CGTCAA	0
CGTCAC	2
CGTCAG	4
CGTCAT	1
CGTCCA	7
CGTCCC	8
CGTCCG	0
CGTCCT	9
CGTCGA	0
CGTCGC	2
CGTCGG	1
CGTCGT	2
CGTCTA	0
CGTCTC	1
CGTCTG	1
CGTCTT	1
CGTGAA	2
CGTGAC	1
CGTGAG	1
CGTGAT	1
CGTGCA	1
CGTGCC	6
CGTGCG	0
CGTGCT	3
CGTGGA	3
CGTGGC	1
CGTGGG	1
CGTGGT	2
CGTGTA	1
CGTGTC	1
CGTGTG	1
CGTGTT	2
CGTTAA	0
CGTTAC	2
CGTTAG	0
CGTTAT	2
CGTTCA	1
CGTTCC	1
CGTTCG	0
CGTTCT	1
CGTTGA	0
CGTTGC	1
CGTTGG	0
CGTTGT	2
CGTTTA	0
CGTTTC	0
CGTTTG	0
CGTTTT	1
CTAAAA	2
CTAAAC	4
CTAAAG	9
CTAAAT	2
CTAACA	2
CTAACC	4
CTAACG	0
CTAACT	3
CTAAGA	4
CTAAGC	2
CTAAGG	1
CTAAGT	3
CTAATA	1
CTAATC	1
CTAATG	0
CTAATT	2
CTACAA	7
CTACAC	3
CTACAG	6
CTACAT	3
CTACCA	9
CTACCC	6
CTACCG	3
CTACCT	13
CTACGA	2
CTACGC	5
CTACGG	4
CTACGT	3
CTACTA	5
CTACTC	1
CTACTG	6
CTACTT	5
CTAGAA	3
CTAGAC	0
CTAGAG	3
CTAGAT	4
CTAGCA	5
CTAGCC	8
CTAGCG	0
CTAGCT	3
CTAGGA	7
CTAGGC	11
CTAGGG	4
CTAGGT	2
CTAGTA	0
CTAGTC	2
CTAGTG	0
CTAGTT	0
CTATAA	3
CTATAC	1
CTATAG	2
CTATAT	4
CTATCA	4
CTATCC	1
CTATCG	0
CTATCT	3
CTATGA	3
CTATGC	3
CTATGG	1
CTATGT	6
CTATTA	0
CTATTC	0
CTATTG	0
CTATTT	3
CTCAAA	5
CTCAAC	2
CTCAAG	3
CTCAAT	1
CTCACA	2
CTCACC	2
CTCACG	1
CTCACT	6
CTCAGA	4
CTCAGC	7
CTCAGG	9
CTCAGT	2
CTCATA	2
CTCATC	0
CTCATG	0
CTCATT	3
CTCCAA	4
CTCCAC	5
CTCCAG	11
CTCCAT	3
CTCCCA	16
CTCCCC	44
CTCCCG	6
CTCCCT	31
CTCCGA	2
CTCCGC	6
CTCCGG	4
CTCCGT	4
CTCCTA	1
CTCCTC	2
CTCCTG	8
CTCCTT	6
CTCGAA	0
CTCGAC	0
CTCGAG	1
CTCGAT	1
CTCGCA	1
CTCGCC	6
CTCGCG	0
CTCGCT	3
CTCGGA	1
CTCGGC	5
CTCGGG	4
CTCGGT	1
CTCGTA	0
CTCGTC	1
CTCGTG	0
CTCGTT	0
CTCTAA	5
CTCTAC	6
CTCTAG	3
CTCTAT	1
CTCTCA	2
CTCTCC	11
CTCTCG	1
CTCTCT	6
CTCTGA	8
CTCTGC	14
CTCTGG	10
CTCTGT	12
CTCTTA	1
CTCTTC	0
CTCTTG	0
CTCTTT	2
CTGAAA	4
CTGAAC	2
CTGAAG	2
CTGAAT	0
CTGACA	5
CTGACC	4
CTGACG	0
CTGACT	1
CTGAGA	2
CTGAGC	6
CTGAGG	8
CTGAGT	2
CTGATA	1
CTGATC	2
CTGATG	1
CTGATT	2
CTGCAA	5
CTGCAC	2
CTGCAG	9
CTGCAT	7
CTGCCA	20
CTGCCC	40
CTGCCG	8
CTGCCT	29
CTGCGA	3
CTGCGC	8
CTGCGG	10
CTGCGT	6
CTGCTA	0
CTGCTC	3
CTGCTG	9
CTGCTT	6
CTGGAA	9
CTGGAC	2
CTGGAG	5
CTGGAT	2
CTGGCA	7
CTGGCC	8
CTGGCG	4
CTGGCT	12
CTGGGA	19
CTGGGC	19
CTGGGG	7
CTGGGT	13
CTGGTA	1
CTGGTC	0
CTGGTG	0
CTGGTT	1
CTGTAA	3
CTGTAC	2
CTGTAG	4
CTGTAT	8
CTGTCA	2
CTGTCC	7
CTGTCG	0
CTGTCT	9
CTGTGA	10
CTGTGC	9
CTGTGG	9
CTGTGT	17
CTGTTA	1
CTGTTC	0
CTGTTG	0
CTGTTT	1
CTTAAA	1
CTTAAC	0
CTTAAG	2
CTTAAT	2
CTTACA	3
CTTACC	4
CTTACG	1
CTTACT	4
CTTAGA	1
CTTAGC	5
CTTAGG	1
CTTAGT	1
CTTATA	0
CTTATC	0
CTTATG	0
CTTATT	2
CTTCAA	8
CTTCAC	7
CTTCAG	10
CTTCAT	10
CTTCCA	26
CTTCCC	63
CTTCCG	1
CTTCCT	39
CTTCGA	4
CTTCGC	4
CTTCGG	10
CTTCGT	10
CTTCTA	3
CTTCTC	5
CTTCTG	5
CTTCTT	5
CTTGAA	6
CTTGAC	5
CTTGAG	1
CTTGAT	3
CTTGCA	7
CTTGCC	16
CTTGCG	0
CTTGCT	7
CTTGGA	6
CTTGGC	15
CTTGGG	9
CTTGGT	4
CTTGTA	0
CTTGTC	5
CTTGTG	2
CTTGTT	2
CTTTAA	13
CTTTAC	5
CTTTAG	4
CTTTAT	3
CTTTCA	6
CTTTCC	15
CTTTCG	0
CTTTCT	12
CTTTGA	15
CTTTGC	24
CTTTGG	10
CTTTGT	13
CTTTTA	0
CTTTTC	2
CTTTTG	3
CTTTTT	2
GAAAAA	4
GAAAAC	3
GAAAAG	2
GAAAAT	1
GAAACA	3
GAAACC	5
GAAACG	0
GAAACT	1
GAAAGA	4
GAAAGC	1
GAAAGG	2
GAAAGT	3
GAAATA	1
GAAATC	0
GAAATG	0
GAAATT	1
GAACAA	4
GAACAC	3
GAACAG	3
GAACAT	4
GAACCA	6
GAACCC	7
GAACCG	0
GAACCT	9
GAACGA	1
GAACGC	0
GAACGG	0
GAACGT	2
GAACTA	2
GAACTC	0
GAACTG	2
GAACTT	1
GAAGAA	6
GAAGAC	4
GAAGAG	5
GAAGAT	1
GAAGCA	3
GAAGCC	9
GAAGCG	3
GAAGCT	3
GAAGGA	7
GAAGGC	7
GAAGGG	3
GAAGGT	5
GAAGTA	1
GAAGTC	0
GAAGTG	4
GAAGTT	2
GAATAA	6
GAATAC	3
GAATAG	4
GAATAT	2
GAATCA	0
GAATCC	1
GAATCG	0
GAATCT	1
GAATGA	5
GAATGC	5
GAATGG	3
GAATGT	3
GAATTA	1
GAATTC	1
GAATTG	0
GAATTT	0
GACAAA	0
GACAAC	0
GACAAG	0
GACAAT	0
GACACA	0
GACACC	2
GACACG	1
GACACT	1
GACAGA	1
GACAGC	0
GACAGG	0
GACAGT	1
GACATA	0
GACATC	1
GACATG	0
GACATT	0
GACCAA	1
GACCAC	0
GACCAG	3
GACCAT	2
GACCCA	2
GACCCC	6
GACCCG	1
GACCCT	5
GACCGA	0
GACCGC	2
GACCGG	2
GACCGT	0
GACCTA	1
GACCTC	3
GACCTG	1
GACCTT	2
GACGAA	1
GACGAC	0
GACGAG	0
GACGAT	0
GACGCA	0
GACGCC	0
GACGCG	0
GACGCT	0
GACGGA	0
GACGGC	0
GACGGG	0
GACGGT	0
GACGTA	0
GACGTC	0
GACGTG	0
GACGTT	0
GACTAA	0
GACTAC	0
GACTAG	1
GACTAT	1
GACTCA	0
GACTCC	4
GACTCG	0
GACTCT	0
GACTGA	1
GACTGC	3
GACTGG	2
GACTGT	3
GACTTA	0
GACTTC	1
GACTTG	0
GACTTT	0
GAGAAA	1
GAGAAC	1
GAGAAG	0
GAGAAT	0
GAGACA	1
GAGACC	1
GAGACG	1
GAGACT	3
GAGAGA	2
GAGAGC	0
GAGAGG	2
GAGAGT	2
GAGATA	0
GAGATC	0
GAGATG	1
GAGATT	0
GAGCAA	3
GAGCAC	1
GAGCAG	5
GAGCAT	1
GAGCCA	9
GAGCCC	13
GAGCCG	2
GAGCCT	5
GAGCGA	3
GAGCGC	4
GAGCGG	1
GAGCGT	1
GAGCTA	1
GAGCTC	1
GAGCTG	3
GAGCTT	4
GAGGAA	2
GAGGAC	0
GAGGAG	1
GAGGAT	1
GAGGCA	3
GAGGCC	7
GAGGCG	1
GAGGCT	6
GAGGGA	7
GAGGGC	4
GAGGGG	1
GAGGGT	4
GAGGTA	0
GAGGTC	2
GAGGTG	1
GAGGTT	1
GAGTAA	1
GAGTAC	1
GAGTAG	0
GAGTAT	1
GAGTCA	1
GAGTCC	1
GAGTCG	0
GAGTCT	1
GAGTGA	5
GAGTGC	3
GAGTGG	3
GAGTGT	4
GAGTTA	0
GAGTTC	0
GAGTTG	0
GAGTTT	2
GATAAA	0
GATAAC	0
GATAAG	1
GATAAT	0
GATACA	2
GATACC	1
GATACG	2
GATACT	0
GATAGA	0
GATAGC	0
GATAGG	1
GATAGT	0
GATATA	0
GATATC	0
GATATG	1
GATATT	3
GATCAA	4
GATCAC	3
GATCAG	0
GATCAT	1
GATCCA	2
GATCCC	6
GATCCG	4
GATCCT	8
GATCGA	0
GATCGC	0
GATCGG	0
GATCGT	2
GATCTA	1
GATCTC	1
GATCTG	1
GATCTT	1
GATGAA	1
GATGAC	2
GATGAG	0
GATGAT	1
GATGCA	1
GATGCC	5
GATGCG	1
GATGCT	5
GATGGA	6
GATGGC	4
GATGGG	3
GATGGT	0
GATGTA	0
GATGTC	0
GATGTG	0
GATGTT	3
GATTAA	2
GATTAC	3
GATTAG	0
GATTAT	0
GATTCA	2
GATTCC	0
GATTCG	0
GATTCT	0
GATTGA	1
GATTGC	1
GATTGG	2
GATTGT	3
GATTTA	0
GATTTC	0
GATTTG	2
GATTTT	2
GCAAAA	4
GCAAAC	3
GCAAAG	6
GCAAAT	2
GCAACA	3
GCAACC	11
GCAACG	0
GCAACT	7
GCAAGA	5
GCAAGC	1
GCAAGG	3
GCAAGT	3
GCAATA	1
GCAATC	1
GCAATG	0
GCAATT	0
GCACAA	8
GCACAC	14
GCACAG	10
GCACAT	3
GCACCA	14
GCACCC	25
GCACCG	5
GCACCT	23
GCACGA	2
GCACGC	4
GCACGG	2
GCACGT	5
GCACTA	1
GCACTC	1
GCACTG	11
GCACTT	7
GCAGAA	2
GCAGAC	5
GCAGAG	9
GCAGAT	4
GCAGCA	14
GCAGCC	21
GCAGCG	5
GCAGCT	23
GCAGGA	15
GCAGGC	7
GCAGGG	16
GCAGGT	7
GCAGTA	0
GCAGTC	1
GCAGTG	9
GCAGTT	3
GCATAA	5
GCATAC	1
GCATAG	4
GCATAT	2
GCATCA	3
GCATCC	3
GCATCG	0
GCATCT	5
GCATGA	9
GCATGC	5
GCATGG	7
GCATGT	5
GCATTA	1
GCATTC	2
GCATTG	2
GCATTT	6
GCCAAA	5
GCCAAC	1
GCCAAG	3
GCCAAT	1
GCCACA	3
GCCACC	8
GCCACG	0
GCCACT	3
GCCAGA	4
GCCAGC	2
GCCAGG	2
GCCAGT	1
GCCATA	0
GCCATC	1
GCCATG	1
GCCATT	1
GCCCAA	6
GCCCAC	10
GCCCAG	15
GCCCAT	2
GCCCCA	25
GCCCCC	27
GCCCCG	7
GCCCCT	21
GCCCGA	2
GCCCGC	5
GCCCGG	8
GCCCGT	4
GCCCTA	1
GCCCTC	5
GCCCTG	3
GCCCTT	4
GCCGAA	1
GCCGAC	0
GCCGAG	2
GCCGAT	1
GCCGCA	2
GCCGCC	8
GCCGCG	1
GCCGCT	2
GCCGGA	4
GCCGGC	2
GCCGGG	4
GCCGGT	2
GCCGTA	0
GCCGTC	1
GCCGTG	1
GCCGTT	0
GCCTAA	5
GCCTAC	2
GCCTAG	5
GCCTAT	2
GCCTCA	3
GCCTCC	5
GCCTCG	2
GCCTCT	5
GCCTGA	7
GCCTGC	6
GCCTGG	13
GCCTGT	10
GCCTTA	1
GCCTTC	0
GCCTTG	2
GCCTTT	2
GCGAAA	1
GCGAAC	1
GCGAAG	1
GCGAAT	1
GCGACA	2
GCGACC	1
GCGACG	0
GCGACT	2
GCGAGA	4
GCGAGC	3
GCGAGG	1
GCGAGT	0
GCGATA	1
GCGATC	0
GCGATG	1
GCGATT	0
GCGCAA	0
GCGCAC	1
GCGCAG	0
GCGCAT	1
GCGCCA	7
GCGCCC	13
GCGCCG	2
GCGCCT	10
GCGCGA	1
GCGCGC	5
GCGCGG	2
GCGCGT	3
GCGCTA	0
GCGCTC	1
GCGCTG	2
GCGCTT	0
GCGGAA	0
GCGGAC	1
GCGGAG	5
GCGGAT	0
GCGGCA	2
GCGGCC	9
GCGGCG	1
GCGGCT	5
GCGGGA	2
GCGGGC	3
GCGGGG	8
GCGGGT	1
GCGGTA	0
GCGGTC	0
GCGGTG	0
GCGGTT	0
GCGTAA	2
GCGTAC	1
GCGTAG	2
GCGTAT	1
GCGTCA	1
GCGTCC	2
GCGTCG	0
GCGTCT	3
GCGTGA	1
GCGTGC	3
GCGTGG	7
GCGTGT	1
GCGTTA	0
GCGTTC	0
GCGTTG	0
GCGTTT	0
GCTAAA	3
GCTAAC	0
GCTAAG	0
GCTAAT	6
GCTACA	3
GCTACC	6
GCTACG	4
GCTACT	1
GCTAGA	3
GCTAGC	4
GCTAGG	1
GCTAGT	2
GCTATA	0
GCTATC	2
GCTATG	1
GCTATT	1
GCTCAA	9
GCTCAC	16
GCTCAG	10
GCTCAT	7
GCTCCA	28
GCTCCC	49
GCTCCG	8
GCTCCT	33
GCTCGA	1
GCTCGC	3
GCTCGG	4
GCTCGT	3
GCTCTA	1
GCTCTC	3
GCTCTG	7
GCTCTT	3
GCTGAA	5
GCTGAC	3
GCTGAG	3
GCTGAT	3
GCTGCA	9
GCTGCC	30
GCTGCG	3
GCTGCT	18
GCTGGA	11
GCTGGC	10
GCTGGG	16
GCTGGT	4
GCTGTA	0
GCTGTC	2
GCTGTG	1
GCTGTT	3
GCTTAA	2
GCTTAC	4
GCTTAG	1
GCTTAT	11
GCTTCA	3
GCTTCC	7
GCTTCG	5
GCTTCT	14
GCTTGA	8
GCTTGC	5
GCTTGG	14
GCTTGT	7
GCTTTA	2
GCTTTC	2
GCTTTG	1
GCTTTT	3
GGAAAA	11
GGAAAC	2
GGAAAG	1
GGAAAT	0
GGAACA	4
GGAACC	5
GGAACG	1
GGAACT	7
GGAAGA	9
GGAAGC	3
GGAAGG	6
GGAAGT	1
GGAATA	1
GGAATC	1
GGAATG	1
GGAATT	1
GGACAA	3
GGACAC	4
GGACAG	10
GGACAT	3
GGACCA	14
GGACCC	17
GGACCG	2
GGACCT	6
GGACGA	1
GGACGC	5
GGACGG	2
GGACGT	3
GGACTA	2
GGACTC	3
GGACTG	5
GGACTT	6
GGAGAA	5
GGAGAC	6
GGAGAG	5
GGAGAT	4
GGAGCA	7
GGAGCC	8
GGAGCG	3
GGAGCT	8
GGAGGA	11
GGAGGC	18
GGAGGG	10
GGAGGT	6
GGAGTA	1
GGAGTC	0
GGAGTG	1
GGAGTT	1
GGATAA	6
GGATAC	3
GGATAG	2
GGATAT	1
GGATCA	2
GGATCC	3
GGATCG	1
GGATCT	1
GGATGA	3
GGATGC	2
GGATGG	3
GGATGT	3
GGATTA	1
GGATTC	1
GGATTG	0
GGATTT	1
GGCAAA	1
GGCAAC	2
GGCAAG	2
GGCAAT	0
GGCACA	5
GGCACC	4
GGCACG	0
GGCACT	2
GGCAGA	5
GGCAGC	3
GGCAGG	2
GGCAGT	3
GGCATA	1
GGCATC	0
GGCATG	0
GGCATT	0
GGCCAA	5
GGCCAC	3
GGCCAG	3
GGCCAT	4
GGCCCA	11
GGCCCC	21
GGCCCG	4
GGCCCT	18
GGCCGA	7
GGCCGC	4
GGCCGG	3
GGCCGT	2
GGCCTA	3
GGCCTC	5
GGCCTG	5
GGCCTT	3
GGCGAA	0
GGCGAC	1
GGCGAG	0
GGCGAT	0
GGCGCA	4
GGCGCC	4
GGCGCG	2
GGCGCT	2
GGCGGA	2
GGCGGC	2
GGCGGG	1
GGCGGT	1
GGCGTA	0
GGCGTC	0
GGCGTG	1
GGCGTT	0
GGCTAA	2
GGCTAC	1
GGCTAG	0
GGCTAT	2
GGCTCA	2
GGCTCC	5
GGCTCG	1
GGCTCT	2
GGCTGA	3
GGCTGC	6
GGCTGG	11
GGCTGT	1
GGCTTA	0
GGCTTC	2
GGCTTG	1
GGCTTT	2
GGGAAA	0
GGGAAC	0
GGGAAG	3
GGGAAT	0
GGGACA	3
GGGACC	4
GGGACG	2
GGGACT	0
GGGAGA	4
GGGAGC	4
GGGAGG	5
GGGAGT	1
GGGATA	0
GGGATC	0
GGGATG	0
GGGATT	0
GGGCAA	5
GGGCAC	4
GGGCAG	6
GGGCAT	0
GGGCCA	14
GGGCCC	11
GGGCCG	3
GGGCCT	19
GGGCGA	4
GGGCGC	4
GGGCGG	2
GGGCGT	3
GGGCTA	2
GGGCTC	2
GGGCTG	5
GGGCTT	1
GGGGAA	2
GGGGAC	2
GGGGAG	5
GGGGAT	4
GGGGCA	5
GGGGCC	5
GGGGCG	2
GGGGCT	12
GGGGGA	4
GGGGGC	4
GGGGGG	1
GGGGGT	6
GGGGTA	0
GGGGTC	0
GGGGTG	0
GGGGTT	0
GGGTAA	2
GGGTAC	1
GGGTAG	0
GGGTAT	1
GGGTCA	1
GGGTCC	3
GGGTCG	0
GGGTCT	1
GGGTGA	4
GGGTGC	2
GGGTGG	3
GGGTGT	1
GGGTTA	1
GGGTTC	2
GGGTTG	0
GGGTTT	3
GGTAAA	0
GGTAAC	0
GGTAAG	1
GGTAAT	0
GGTACA	2
GGTACC	2
GGTACG	0
GGTACT	0
GGTAGA	1
GGTAGC	1
GGTAGG	1
GGTAGT	0
GGTATA	1
GGTATC	0
GGTATG	0
GGTATT	1
GGTCAA	4
GGTCAC	2
GGTCAG	4
GGTCAT	3
GGTCCA	10
GGTCCC	22
GGTCCG	1
GGTCCT	14
GGTCGA	1
GGTCGC	1
GGTCGG	1
GGTCGT	2
GGTCTA	4
GGTCTC	5
GGTCTG	2
GGTCTT	6
GGTGAA	1
GGTGAC	3
GGTGAG	2
GGTGAT	1
GGTGCA	4
GGTGCC	8
GGTGCG	0
GGTGCT	10
GGTGGA	7
GGTGGC	7
GGTGGG	4
GGTGGT	3
GGTGTA	0
GGTGTC	2
GGTGTG	1
GGTGTT	2
GGTTAA	1
GGTTAC	0
GGTTAG	2
GGTTAT	2
GGTTCA	1
GGTTCC	3
GGTTCG	0
GGTTCT	3
GGTTGA	1
GGTTGC	0
GGTTGG	3
GGTTGT	2
GGTTTA	0
GGTTTC	1
GGTTTG	2
GGTTTT	2
GTAAAA	5
GTAAAC	5
GTAAAG	0
GTAAAT	3
GTAACA	7
GTAACC	1
GTAACG	0
GTAACT	6
GTAAGA	4
GTAAGC	1
GTAAGG	4
GTAAGT	7
GTAATA	1
GTAATC	2
GTAATG	1
GTAATT	0
GTACAA	2
GTACAC	4
GTACAG	2
GTACAT	3
GTACCA	7
GTACCC	6
GTACCG	2
GTACCT	6
GTACGA	0
GTACGC	1
GTACGG	0
GTACGT	1
GTACTA	1
GTACTC	3
GTACTG	2
GTACTT	4
GTAGAA	8
GTAGAC	2
GTAGAG	1
GTAGAT	1
GTAGCA	8
GTAGCC	4
GTAGCG	1
GTAGCT	9
GTAGGA	8
GTAGGC	2
GTAGGG	6
GTAGGT	5
GTAGTA	0
GTAGTC	0
GTAGTG	0
GTAGTT	0
GTATAA	6
GTATAC	1
GTATAG	0
GTATAT	2
GTATCA	2
GTATCC	5
GTATCG	0
GTATCT	2
GTATGA	2
GTATGC	0
GTATGG	2
GTATGT	9
GTATTA	0
GTATTC	0
GTATTG	1
GTATTT	0
GTCAAA	2
GTCAAC	1
GTCAAG	2
GTCAAT	0
GTCACA	3
GTCACC	3
GTCACG	2
GTCACT	3
GTCAGA	2
GTCAGC	1
GTCAGG	4
GTCAGT	3
GTCATA	0
GTCATC	0
GTCATG	0
GTCATT	0
GTCCAA	5
GTCCAC	5
GTCCAG	7
GTCCAT	4
GTCCCA	10
GTCCCC	20
GTCCCG	6
GTCCCT	9
GTCCGA	2
GTCCGC	3
GTCCGG	2
GTCCGT	0
GTCCTA	0
GTCCTC	5
GTCCTG	6
GTCCTT	7
GTCGAA	1
GTCGAC	1
GTCGAG	1
GTCGAT	1
GTCGCA	1
GTCGCC	1
GTCGCG	1
GTCGCT	2
GTCGGA	0
GTCGGC	3
GTCGGG	4
GTCGGT	1
GTCGTA	0
GTCGTC	0
GTCGTG	0
GTCGTT	0
GTCTAA	2
GTCTAC	2
GTCTAG	0
GTCTAT	4
GTCTCA	6
GTCTCC	3
GTCTCG	0
GTCTCT	5
GTCTGA	4
GTCTGC	5
GTCTGG	4
GTCTGT	4
GTCTTA	0
GTCTTC	3
GTCTTG	1
GTCTTT	0
GTGAAA	3
GTGAAC	3
GTGAAG	1
GTGAAT	0
GTGACA	4
GTGACC	3
GTGACG	1
GTGACT	3
GTGAGA	3
GTGAGC	3
GTGAGG	4
GTGAGT	5
GTGATA	0
GTGATC	0
GTGATG	0
GTGATT	0
GTGCAA	6
GTGCAC	2
GTGCAG	2
GTGCAT	5
GTGCCA	9
GTGCCC	14
GTGCCG	0
GTGCCT	17
GTGCGA	3
GTGCGC	3
GTGCGG	3
GTGCGT	1
GTGCTA	0
GTGCTC	2
GTGCTG	2
GTGCTT	2
GTGGAA	1
GTGGAC	4
GTGGAG	3
GTGGAT	1
GTGGCA	6
GTGGCC	9
GTGGCG	3
GTGGCT	4
GTGGGA	7
GTGGGC	6
GTGGGG	3
GTGGGT	1
GTGGTA	0
GTGGTC	3
GTGGTG	3
GTGGTT	0
GTGTAA	4
GTGTAC	2
GTGTAG	1
GTGTAT	2
GTGTCA	4
GTGTCC	3
GTGTCG	0
GTGTCT	6
GTGTGA	4
GTGTGC	7
GTGTGG	4
GTGTGT	17
GTGTTA	0
GTGTTC	1
GTGTTG	1
GTGTTT	1
GTTAAA	2
GTTAAC	3
GTTAAG	6
GTTAAT	4
GTTACA	2
GTTACC	2
GTTACG	1
GTTACT	5
GTTAGA	0
GTTAGC	1
GTTAGG	2
GTTAGT	1
GTTATA	0
GTTATC	0
GTTATG	0
GTTATT	3
GTTCAA	8
GTTCAC	6
GTTCAG	6
GTTCAT	6
GTTCCA	22
GTTCCC	21
GTTCCG	2
GTTCCT	22
GTTCGA	2
GTTCGC	1
GTTCGG	1
GTTCGT	3
GTTCTA	1
GTTCTC	8
GTTCTG	7
GTTCTT	7
GTTGAA	2
GTTGAC	0
GTTGAG	4
GTTGAT	2
GTTGCA	3
GTTGCC	9
GTTGCG	0
GTTGCT	4
GTTGGA	4
GTTGGC	4
GTTGGG	5
GTTGGT	9
GTTGTA	2
GTTGTC	0
GTTGTG	1
GTTGTT	3
GTTTAA	7
GTTTAC	8
GTTTAG	5
GTTTAT	7
GTTTCA	3
GTTTCC	6
GTTTCG	1
GTTTCT	4
GTTTGA	8
GTTTGC	8
GTTTGG	9
GTTTGT	11
GTTTTA	2
GTTTTC	1
GTTTTG	1
GTTTTT	2
TAAAAA	9
TAAAAC	0
TAAAAG	8
TAAAAT	5
TAAACA	5
TAAACC	5
TAAACG	3
TAAACT	3
TAAAGA	5
TAAAGC	2
TAAAGG	5
TAAAGT	4
TAAATA	2
TAAATC	0
TAAATG	1
TAAATT	1
TAACAA	5
TAACAC	2
TAACAG	3
TAACAT	5
TAACCA	5
TAACCC	8
TAACCG	0
TAACCT	6
TAACGA	0
TAACGC	0
TAACGG	0
TAACGT	2
TAACTA	2
TAACTC	1
TAACTG	1
TAACTT	4
TAAGAA	3
TAAGAC	5
TAAGAG	2
TAAGAT	2
TAAGCA	4
TAAGCC	3
TAAGCG	0
TAAGCT	5
TAAGGA	6
TAAGGC	0
TAAGGG	2
TAAGGT	1
TAAGTA	0
TAAGTC	0
TAAGTG	1
TAAGTT	1
TAATAA	1
TAATAC	2
TAATAG	1
TAATAT	3
TAATCA	3
TAATCC	8
TAATCG	0
TAATCT	2
TAATGA	2
TAATGC	5
TAATGG	2
TAATGT	0
TAATTA	1
TAATTC	0
TAATTG	0
TAATTT	2
TACAAA	2
TACAAC	0
TACAAG	2
TACAAT	0
TACACA	2
TACACC	0
TACACG	0
TACACT	0
TACAGA	3
TACAGC	2
TACAGG	2
TACAGT	0
TACATA	1
TACATC	0
TACATG	0
TACATT	1
TACCAA	2
TACCAC	0
TACCAG	2
TACCAT	0
TACCCA	1
TACCCC	1
TACCCG	1
TACCCT	1
TACCGA	1
TACCGC	1
TACCGG	0
TACCGT	0
TACCTA	0
TACCTC	0
TACCTG	4
TACCTT	2
TACGAA	0
TACGAC	0
TACGAG	0
TACGAT	0
TACGCA	1
TACGCC	1
TACGCG	0
TACGCT	0
TACGGA	0
TACGGC	1
TACGGG	1
TACGGT	0
TACGTA	0
TACGTC	0
TACGTG	0
TACGTT	0
TACTAA	1
TACTAC	0
TACTAG	0
TACTAT	0
TACTCA	0
TACTCC	1
TACTCG	0
TACTCT	2
TACTGA	3
TACTGC	1
TACTGG	0
TACTGT	2
TACTTA	0
TACTTC	0
TACTTG	1
TACTTT	2
TAGAAA	1
TAGAAC	1
TAGAAG	0
TAGAAT	0
TAGACA	1
TAGACC	1
TAGACG	0
TAGACT	1
TAGAGA	1
TAGAGC	0
TAGAGG	2
TAGAGT	4
TAGATA	0
TAGATC	0
TAGATG	0
TAGATT	0
TAGCAA	5
TAGCAC	3
TAGCAG	2
TAGCAT	0
TAGCCA	2
TAGCCC	5
TAGCCG	1
TAGCCT	3
TAGCGA	0
TAGCGC	1
TAGCGG	1
TAGCGT	2
TAGCTA	1
TAGCTC	0
TAGCTG	5
TAGCTT	1
TAGGAA	2
TAGGAC	1
TAGGAG	4
TAGGAT	2
TAGGCA	7
TAGGCC	5
TAGGCG	0
TAGGCT	0
TAGGGA	2
TAGGGC	4
TAGGGG	3
TAGGGT	0
TAGGTA	0
TAGGTC	0
TAGGTG	0
TAGGTT	1
TAGTAA	1
TAGTAC	1
TAGTAG	1
TAGTAT	1
TAGTCA	0
TAGTCC	1
TAGTCG	0
TAGTCT	1
TAGTGA	2
TAGTGC	2
TAGTGG	2
TAGTGT	1
TAGTTA	2
TAGTTC	0
TAGTTG	1
TAGTTT	1
TATAAA	2
TATAAC	0
TATAAG	0
TATAAT	2
TATACA	2
TATACC	0
TATACG	0
TATACT	0
TATAGA	1
TATAGC	0
TATAGG	0
TATAGT	1
TATATA	2
TATATC	1
TATATG	0
TATATT	1
TATCAA	1
TATCAC	0
TATCAG	4
TATCAT	2
TATCCA	15
TATCCC	12
TATCCG	1
TATCCT	5
TATCGA	1
TATCGC	0
TATCGG	0
TATCGT	2
TATCTA	2
TATCTC	1
TATCTG	4
TATCTT	6
TATGAA	2
TATGAC	0
TATGAG	1
TATGAT	2
TATGCA	3
TATGCC	0
TATGCG	2
TATGCT	8
TATGGA	4
TATGGC	2
TATGGG	3
TATGGT	1
TATGTA	2
TATGTC	1
TATGTG	3
TATGTT	3
TATTAA	3
TATTAC	1
TATTAG	1
TATTAT	2
TATTCA	3
TATTCC	3
TATTCG	0
TATTCT	8
TATTGA	1
TATTGC	0
TATTGG	3
TATTGT	4
TATTTA	0
TATTTC	0
TATTTG	0
TATTTT	6
TCAAAA	5
TCAAAC	7
TCAAAG	8
TCAAAT	1
TCAACA	6
TCAACC	3
TCAACG	0
TCAACT	3
TCAAGA	6
TCAAGC	4
TCAAGG	4
TCAAGT	5
TCAATA	1
TCAATC	1
TCAATG	0
TCAATT	1
TCACAA	8
TCACAC	15
TCACAG	14
TCACAT	4
TCACCA	20
TCACCC	23
TCACCG	3
TCACCT	31
TCACGA	4
TCACGC	6
TCACGG	3
TCACGT	8
TCACTA	2
TCACTC	5
TCACTG	10
TCACTT	9
TCAGAA	3
TCAGAC	5
TCAGAG	1
TCAGAT	2
TCAGCA	16
TCAGCC	18
TCAGCG	3
TCAGCT	13
TCAGGA	19
TCAGGC	10
TCAGGG	8
TCAGGT	5
TCAGTA	2
TCAGTC	2
TCAGTG	1
TCAGTT	3
TCATAA	4
TCATAC	2
TCATAG	2
TCATAT	5
TCATCA	6
TCATCC	3
TCATCG	0
TCATCT	10
TCATGA	2
TCATGC	3
TCATGG	2
TCATGT	9
TCATTA	3
TCATTC	1
TCATTG	2
TCATTT	3
TCCAAA	4
TCCAAC	0
TCCAAG	2
TCCAAT	0
TCCACA	4
TCCACC	2
TCCACG	2
TCCACT	5
TCCAGA	8
TCCAGC	4
TCCAGG	6
TCCAGT	4
TCCATA	1
TCCATC	0
TCCATG	4
TCCATT	1
TCCCAA	7
TCCCAC	14
TCCCAG	20
TCCCAT	3
TCCCCA	22
TCCCCC	22
TCCCCG	9
TCCCCT	16
TCCCGA	8
TCCCGC	7
TCCCGG	11
TCCCGT	4
TCCCTA	3
TCCCTC	9
TCCCTG	8
TCCCTT	7
TCCGAA	0
TCCGAC	1
TCCGAG	1
TCCGAT	0
TCCGCA	2
TCCGCC	7
TCCGCG	0
TCCGCT	1
TCCGGA	2
TCCGGC	4
TCCGGG	2
TCCGGT	0
TCCGTA	0
TCCGTC	0
TCCGTG	1
TCCGTT	1
TCCTAA	2
TCCTAC	6
TCCTAG	6
TCCTAT	0
TCCTCA	7
TCCTCC	3
TCCTCG	3
TCCTCT	11
TCCTGA	6
TCCTGC	8
TCCTGG	7
TCCTGT	8
TCCTTA	0
TCCTTC	1
TCCTTG	2
TCCTTT	3
TCGAAA	1
TCGAAC	0
TCGAAG	1
TCGAAT	0
TCGACA	1
TCGACC	1
TCGACG	0
TCGACT	2
TCGAGA	2
TCGAGC	1
TCGAGG	0
TCGAGT	1
TCGATA	0
TCGATC	0
TCGATG	0
TCGATT	0
TCGCAA	1
TCGCAC	0
TCGCAG	2
TCGCAT	1
TCGCCA	5
TCGCCC	7
TCGCCG	5
TCGCCT	7
TCGCGA	0
TCGCGC	4
TCGCGG	1
TCGCGT	1
TCGCTA	0
TCGCTC	0
TCGCTG	0
TCGCTT	2
TCGGAA	1
TCGGAC	0
TCGGAG	2
TCGGAT	0
TCGGCA	4
TCGGCC	3
TCGGCG	0
TCGGCT	1
TCGGGA	0
TCGGGC	2
TCGGGG	6
TCGGGT	1
TCGGTA	0
TCGGTC	0
TCGGTG	0
TCGGTT	1
TCGTAA	1
TCGTAC	0
TCGTAG	1
TCGTAT	0
TCGTCA	0
TCGTCC	3
TCGTCG	1
TCGTCT	2
TCGTGA	0
TCGTGC	0
TCGTGG	3
TCGTGT	2
TCGTTA	0
TCGTTC	0
TCGTTG	0
TCGTTT	3
TCTAAA	6
TCTAAC	2
TCTAAG	3
TCTAAT	2
TCTACA	2
TCTACC	6
TCTACG	0
TCTACT	7
TCTAGA	7
TCTAGC	5
TCTAGG	4
TCTAGT	3
TCTATA	1
TCTATC	1
TCTATG	2
TCTATT	2
TCTCAA	14
TCTCAC	7
TCTCAG	20
TCTCAT	8
TCTCCA	35
TCTCCC	55
TCTCCG	4
TCTCCT	57
TCTCGA	12
TCTCGC	4
TCTCGG	9
TCTCGT	7
TCTCTA	8
TCTCTC	8
TCTCTG	13
TCTCTT	9
TCTGAA	6
TCTGAC	2
TCTGAG	5
TCTGAT	3
TCTGCA	4
TCTGCC	21
TCTGCG	0
TCTGCT	16
TCTGGA	11
TCTGGC	12
TCTGGG	10
TCTGGT	5
TCTGTA	2
TCTGTC	5
TCTGTG	5
TCTGTT	7
TCTTAA	8
TCTTAC	4
TCTTAG	7
TCTTAT	3
TCTTCA	5
TCTTCC	19
TCTTCG	1
TCTTCT	10
TCTTGA	8
TCTTGC	9
TCTTGG	18
TCTTGT	15
TCTTTA	3
TCTTTC	5
TCTTTG	2
TCTTTT	4
TGAAAA	2
TGAAAC	1
TGAAAG	1
TGAAAT	0
TGAACA	3
TGAACC	3
TGAACG	1
TGAACT	0
TGAAGA	7
TGAAGC	1
TGAAGG	3
TGAAGT	0
TGAATA	1
TGAATC	0
TGAATG	0
TGAATT	0
TGACAA	3
TGACAC	7
TGACAG	3
TGACAT	5
TGACCA	12
TGACCC	15
TGACCG	3
TGACCT	14
TGACGA	2
TGACGC	4
TGACGG	0
TGACGT	3
TGACTA	3
TGACTC	2
TGACTG	1
TGACTT	2
TGAGAA	6
TGAGAC	4
TGAGAG	6
TGAGAT	0
TGAGCA	8
TGAGCC	10
TGAGCG	1
TGAGCT	3
TGAGGA	11
TGAGGC	8
TGAGGG	4
TGAGGT	1
TGAGTA	1
TGAGTC	0
TGAGTG	1
TGAGTT	4
TGATAA	0
TGATAC	2
TGATAG	6
TGATAT	3
TGATCA	3
TGATCC	2
TGATCG	0
TGATCT	6
TGATGA	4
TGATGC	0
TGATGG	5
TGATGT	3
TGATTA	1
TGATTC	0
TGATTG	0
TGATTT	2
TGCAAA	1
TGCAAC	0
TGCAAG	1
TGCAAT	0
TGCACA	3
TGCACC	4
TGCACG	2
TGCACT	2
TGCAGA	1
TGCAGC	3
TGCAGG	3
TGCAGT	3
TGCATA	0
TGCATC	1
TGCATG	0
TGCATT	1
TGCCAA	4
TGCCAC	5
TGCCAG	8
TGCCAT	4
TGCCCA	11
TGCCCC	18
TGCCCG	3
TGCCCT	16
TGCCGA	6
TGCCGC	4
TGCCGG	3
TGCCGT	4
TGCCTA	1
TGCCTC	6
TGCCTG	10
TGCCTT	9
TGCGAA	0
TGCGAC	0
TGCGAG	0
TGCGAT	0
TGCGCA	0
TGCGCC	5
TGCGCG	0
TGCGCT	0
TGCGGA	0
TGCGGC	1
TGCGGG	2
TGCGGT	3
TGCGTA	0
TGCGTC	0
TGCGTG	0
TGCGTT	0
TGCTAA	5
TGCTAC	4
TGCTAG	5
TGCTAT	2
TGCTCA	2
TGCTCC	6
TGCTCG	1
TGCTCT	4
TGCTGA	9
TGCTGC	7
TGCTGG	14
TGCTGT	6
TGCTTA	2
TGCTTC	1
TGCTTG	0
TGCTTT	3
TGGAAA	2
TGGAAC	1
TGGAAG	3
TGGAAT	2
TGGACA	3
TGGACC	2
TGGACG	0
TGGACT	2
TGGAGA	5
TGGAGC	2
TGGAGG	2
TGGAGT	1
TGGATA	2
TGGATC	1
TGGATG	1
TGGATT	0
TGGCAA	5
TGGCAC	3
TGGCAG	7
TGGCAT	6
TGGCCA	10
TGGCCC	15
TGGCCG	5
TGGCCT	13
TGGCGA	3
TGGCGC	2
TGGCGG	3
TGGCGT	3
TGGCTA	1
TGGCTC	3
TGGCTG	6
TGGCTT	6
TGGGAA	5
TGGGAC	1
TGGGAG	9
TGGGAT	2
TGGGCA	5
TGGGCC	6
TGGGCG	2
TGGGCT	6
TGGGGA	6
TGGGGC	3
TGGGGG	3
TGGGGT	11
TGGGTA	0
TGGGTC	1
TGGGTG	6
TGGGTT	1
TGGTAA	1
TGGTAC	1
TGGTAG	3
TGGTAT	2
TGGTCA	1
TGGTCC	1
TGGTCG	0
TGGTCT	2
TGGTGA	3
TGGTGC	1
TGGTGG	2
TGGTGT	2
TGGTTA	2
TGGTTC	2
TGGTTG	0
TGGTTT	1
TGTAAA	4
TGTAAC	1
TGTAAG	0
TGTAAT	2
TGTACA	2
TGTACC	1
TGTACG	0
TGTACT	3
TGTAGA	1
TGTAGC	1
TGTAGG	1
TGTAGT	1
TGTATA	0
TGTATC	1
TGTATG	0
TGTATT	1
TGTCAA	8
TGTCAC	10
TGTCAG	8
TGTCAT	7
TGTCCA	12
TGTCCC	22
TGTCCG	6
TGTCCT	18
TGTCGA	5
TGTCGC	1
TGTCGG	0
TGTCGT	1
TGTCTA	4
TGTCTC	4
TGTCTG	6
TGTCTT	4
TGTGAA	4
TGTGAC	1
TGTGAG	4
TGTGAT	1
TGTGCA	8
TGTGCC	9
TGTGCG	0
TGTGCT	13
TGTGGA	5
TGTGGC	14
TGTGGG	4
TGTGGT	4
TGTGTA	5
TGTGTC	3
TGTGTG	7
TGTGTT	6
TGTTAA	3
TGTTAC	6
TGTTAG	1
TGTTAT	6
TGTTCA	5
TGTTCC	4
TGTTCG	0
TGTTCT	5
TGTTGA	1
TGTTGC	5
TGTTGG	6
TGTTGT	8
TGTTTA	1
TGTTTC	1
TGTTTG	1
TGTTTT	10
TTAAAA	11
TTAAAC	3
TTAAAG	3
TTAAAT	3
TTAACA	4
TTAACC	3
TTAACG	0
TTAACT	10
TTAAGA	2
TTAAGC	2
TTAAGG	5
TTAAGT	1
TTAATA	0
TTAATC	2
TTAATG	0
TTAATT	2
TTACAA	12
TTACAC	8
TTACAG	5
TTACAT	10
TTACCA	7
TTACCC	10
TTACCG	0
TTACCT	14
TTACGA	2
TTACGC	2
TTACGG	5
TTACGT	4
TTACTA	2
TTACTC	1
TTACTG	4
TTACTT	5
TTAGAA	7
TTAGAC	2
TTAGAG	1
TTAGAT	1
TTAGCA	6
TTAGCC	6
TTAGCG	1
TTAGCT	6
TTAGGA	7
TTAGGC	2
TTAGGG	5
TTAGGT	2
TTAGTA	1
TTAGTC	1
TTAGTG	0
TTAGTT	2
TTATAA	4
TTATAC	5
TTATAG	1
TTATAT	0
TTATCA	2
TTATCC	2
TTATCG	1
TTATCT	4
TTATGA	3
TTATGC	3
TTATGG	3
TTATGT	6
TTATTA	3
TTATTC	1
TTATTG	2
TTATTT	7
TTCAAA	1
TTCAAC	1
TTCAAG	4
TTCAAT	0
TTCACA	0
TTCACC	3
TTCACG	1
TTCACT	3
TTCAGA	4
TTCAGC	3
TTCAGG	3
TTCAGT	2
TTCATA	1
TTCATC	0
TTCATG	2
TTCATT	2
TTCCAA	5
TTCCAC	6
TTCCAG	12
TTCCAT	2
TTCCCA	25
TTCCCC	14
TTCCCG	3
TTCCCT	17
TTCCGA	3
TTCCGC	2
TTCCGG	3
TTCCGT	3
TTCCTA	6
TTCCTC	2
TTCCTG	4
TTCCTT	8
TTCGAA	0
TTCGAC	0
TTCGAG	0
TTCGAT	0
TTCGCA	0
TTCGCC	2
TTCGCG	0
TTCGCT	0
TTCGGA	1
TTCGGC	0
TTCGGG	2
TTCGGT	2
TTCGTA	0
TTCGTC	0
TTCGTG	0
TTCGTT	0
TTCTAA	2
TTCTAC	4
TTCTAG	2
TTCTAT	4
TTCTCA	1
TTCTCC	7
TTCTCG	2
TTCTCT	6
TTCTGA	7
TTCTGC	7
TTCTGG	6
TTCTGT	5
TTCTTA	1
TTCTTC	0
TTCTTG	1
TTCTTT	4
TTGAAA	3
TTGAAC	1
TTGAAG	3
TTGAAT	3
TTGACA	6
TTGACC	2
TTGACG	0
TTGACT	2
TTGAGA	1
TTGAGC	4
TTGAGG	2
TTGAGT	0
TTGATA	0
TTGATC	0
TTGATG	1
TTGATT	2
TTGCAA	4
TTGCAC	2
TTGCAG	2
TTGCAT	4
TTGCCA	13
TTGCCC	13
TTGCCG	1
TTGCCT	9
TTGCGA	1
TTGCGC	1
TTGCGG	1
TTGCGT	2
TTGCTA	2
TTGCTC	2
TTGCTG	5
TTGCTT	3
TTGGAA	2
TTGGAC	1
TTGGAG	1
TTGGAT	2
TTGGCA	3
TTGGCC	4
TTGGCG	2
TTGGCT	5
TTGGGA	11
TTGGGC	4
TTGGGG	5
TTGGGT	3
TTGGTA	2
TTGGTC	0
TTGGTG	0
TTGGTT	1
TTGTAA	5
TTGTAC	1
TTGTAG	3
TTGTAT	3
TTGTCA	2
TTGTCC	3
TTGTCG	0
TTGTCT	4
TTGTGA	3
TTGTGC	3
TTGTGG	3
TTGTGT	1
TTGTTA	1
TTGTTC	0
TTGTTG	1
TTGTTT	1
TTTAAA	9
TTTAAC	0
TTTAAG	2
TTTAAT	3
TTTACA	7
TTTACC	2
TTTACG	0
TTTACT	3
TTTAGA	8
TTTAGC	6
TTTAGG	2
TTTAGT	1
TTTATA	0
TTTATC	1
TTTATG	2
TTTATT	5
TTTCAA	9
TTTCAC	9
TTTCAG	13
TTTCAT	10
TTTCCA	26
TTTCCC	39
TTTCCG	2
TTTCCT	28
TTTCGA	3
TTTCGC	1
TTTCGG	1
TTTCGT	0
TTTCTA	1
TTTCTC	5
TTTCTG	6
TTTCTT	2
TTTGAA	2
TTTGAC	1
TTTGAG	2
TTTGAT	0
TTTGCA	7
TTTGCC	11
TTTGCG	1
TTTGCT	11
TTTGGA	9
TTTGGC	4
TTTGGG	11
TTTGGT	6
TTTGTA	2
TTTGTC	0
TTTGTG	2
TTTGTT	5
TTTTAA	13
TTTTAC	6
TTTTAG	12
TTTTAT	4
TTTTCA	1
TTTTCC	10
TTTTCG	1
TTTTCT	18
TTTTGA	8
TTTTGC	5
TTTTGG	10
TTTTGT	16
TTTTTA	2
TTTTTC	2
TTTTTG	1
TTTTTT	9
