kmer	count
AAAAAA	0.286053
AAAAAC	0.249081
AAAAAG	0.193612
AAAAAT	0.174748
AAAACA	0.635302
AAAACC	0.600582
AAAACG	0.300289
AAAACT	0.481309
AAAAGA	0.444104
AAAAGC	0.639869
AAAAGG	0.189657
AAAAGT	0.243651
AAAATA	0.384281
AAAATC	0.085157
AAAATG	0.116886
AAAATT	0.233175
AAACAA	0.902265
AAACAC	0.453419
AAACAG	0.591074
AAACAT	0.762322
AAACCA	1.98061
AAACCC	1.6275
AAACCG	0.546636
AAACCT	1.91068
AAACGA	0.748263
AAACGC	1.59456
AAACGG	0.430606
AAACGT	0.698634
AAACTA	0.915935
AAACTC	0.214292
AAACTG	0.731475
AAACTT	0.453718
AAAGAA	0.60913
AAAGAC	0.77929
AAAGAG	0.595357
AAAGAT	0.311919
AAAGCA	1.18899
AAAGCC	0.842658
AAAGCG	0.198453
AAAGCT	0.945546
AAAGGA	0.736193
AAAGGC	0.424597
AAAGGG	0.404443
AAAGGT	0.563507
AAAGTA	0.114972
AAAGTC	0
AAAGTG	0.138947
AAAGTT	0.248968
AAATAA	0.680529
AAATAC	0.555668
AAATAG	0.346664
AAATAT	0.37109
AAATCA	0.620407
AAATCC	0.642876
AAATCG	0.316973
AAATCT	0.592781
AAATGA	0.918533
AAATGC	0.714583
AAATGG	1.45581
AAATGT	0.708269
AAATTA	0.493833
AAATTC	0.091288
AAATTG	0
AAATTT	0.405365
AACAAA	0.164979
AACAAC	0.127498
AACAAG	0.204225
AACAAT	0.405125
AACACA	0.496132
AACACC	0.603758
AACACG	0.203768
AACACT	0.556635
AACAGA	0.160436
AACAGC	0.163599
AACAGG	0.436369
AACAGT	0.119801
AACATA	0.168428
AACATC	0.159039
AACATG	0.529514
AACATT	0.31624
AACCAA	0.955896
AACCAC	1.07083
AACCAG	0.640299
AACCAT	0.9966
AACCCA	0.925844
AACCCC	0.631023
AACCCG	0.431962
AACCCT	0.380367
AACCGA	1.05332
AACCGC	0
AACCGG	0.684662
AACCGT	0.37109
AACCTA	0.456441
AACCTC	0.37567
AACCTG	0.642876
AACCTT	0.417477
AACGAA	0
AACGAC	0.815073
AACGAG	0
AACGAT	1.08676
AACGCA	0.280025
AACGCC	0.709491
AACGCG	0
AACGCT	0.265373
AACGGA	0
AACGGC	0
AACGGG	0
AACGGT	0.407537
AACGTA	0
AACGTC	0
AACGTG	0
AACGTT	0.374132
AACTAA	0.745208
AACTAC	0
AACTAG	0.45192
AACTAT	0.728361
AACTCA	0.46105
AACTCC	0.227841
AACTCG	0
AACTCT	0.363216
AACTGA	0.737896
AACTGC	0.342331
AACTGG	0.0877771
AACTGT	0.116737
AACTTA	0.204682
AACTTC	0.120433
AACTTG	0.363216
AACTTT	0.0941115
AAGAAA	0.195729
AAGAAC	0.471773
AAGAAG	0.350569
AAGAAT	0.184049
AAGACA	0.290111
AAGACC	0.573419
AAGACG	0.250792
AAGACT	0.483005
AAGAGA	0.434707
AAGAGC	0.250792
AAGAGG	0.380897
AAGAGT	0
AAGATA	0
AAGATC	0.359402
AAGATG	0.21329
AAGATT	0.285276
AAGCAA	0.606281
AAGCAC	0.33236
AAGCAG	0.371594
AAGCAT	0.446033
AAGCCA	1.26985
AAGCCC	0.959485
AAGCCG	1.42638
AAGCCT	1.88476
AAGCGA	1.46061
AAGCGC	0.35383
AAGCGG	0.954236
AAGCGT	0.604558
AAGCTA	0.352463
AAGCTC	0.312631
AAGCTG	0.35383
AAGCTT	0.226522
AAGGAA	0.327982
AAGGAC	0.389287
AAGGAG	0.491383
AAGGAT	0.258606
AAGGCA	0.77007
AAGGCC	0.818726
AAGGCG	0.418754
AAGGCT	0.667961
AAGGGA	0.439491
AAGGGC	0.0657696
AAGGGG	0.395433
AAGGGT	0.437833
AAGGTA	0.177604
AAGGTC	0.115848
AAGGTG	0.0920245
AAGGTT	0.37109
AAGTAA	0.48948
AAGTAC	0.188611
AAGTAG	0.293531
AAGTAT	0.177604
AAGTCA	0.123362
AAGTCC	0
AAGTCG	0
AAGTCT	0.129303
AAGTGA	0.45644
AAGTGC	0.261321
AAGTGG	0.536991
AAGTGT	0.372099
AAGTTA	0.394617
AAGTTC	0.252876
AAGTTG	0.138315
AAGTTT	0.103034
AATAAA	0.19423
AATAAC	0.149653
AATAAG	0.291655
AATAAT	0
AATACA	0.184049
AATACC	0.458736
AATACG	0
AATACT	0.633945
AATAGA	0.154203
AATAGC	0
AATAGG	0
AATAGT	0
AATATA	0.288887
AATATC	0
AATATG	0.177604
AATATT	0.260823
AATCAA	0.66343
AATCAC	0.149653
AATCAG	0.851169
AATCAT	0.154725
AATCCA	1.36095
AATCCC	1.34436
AATCCG	0.288887
AATCCT	1.49164
AATCGA	0.608588
AATCGC	0.260822
AATCGG	0.922103
AATCGT	1.80174
AATCTA	0.41684
AATCTC	0.869408
AATCTG	0.225403
AATCTT	0.535414
AATGAA	0.378475
AATGAC	0.140877
AATGAG	0.322953
AATGAT	0.285276
AATGCA	0.788665
AATGCC	0.606971
AATGCG	0
AATGCT	0.235279
AATGGA	0.201965
AATGGC	0.526156
AATGGG	0.194644
AATGGT	0.920245
AATGTA	0
AATGTC	0.417477
AATGTG	0.322194
AATGTT	0.205142
AATTAA	0.529719
AATTAC	0.151139
AATTAG	0.312631
AATTAT	0.374131
AATTCA	0.106149
AATTCC	0.575346
AATTCG	0.422631
AATTCT	0.365151
AATTGA	0.176915
AATTGC	0.633945
AATTGG	0.459504
AATTGT	0.771017
AATTTA	0.094306
AATTTC	0.102571
AATTTG	0.209858
AATTTT	0.119487
ACAAAA	0.926261
ACAAAC	0.757576
ACAAAG	0.652057
ACAAAT	1.03523
ACAACA	0.992262
ACAACC	2.17353
ACAACG	1.57393
ACAACT	0.992264
ACAAGA	1.20433
ACAAGC	1.36067
ACAAGG	1.13851
ACAAGT	0.437482
ACAATA	0.349764
ACAATC	0.209377
ACAATG	0.132686
ACAATT	0.877768
ACACAA	2.10203
ACACAC	1.66584
ACACAG	1.67383
ACACAT	1.88872
ACACCA	3.14065
ACACCC	3.1533
ACACCG	2.26165
ACACCT	3.50316
ACACGA	1.47239
ACACGC	2.08201
ACACGG	2.17352
ACACGT	2.74363
ACACTA	0.834953
ACACTC	1.30074
ACACTG	1.24565
ACACTT	1.85634
ACAGAA	1.20302
ACAGAC	1.35385
ACAGAG	0.625975
ACAGAT	0.727813
ACAGCA	2.13957
ACAGCC	2.41473
ACAGCG	0.532291
ACAGCT	1.3381
ACAGGA	0.808512
ACAGGC	0.915935
ACAGGG	1.20873
ACAGGT	1.63702
ACAGTA	0.305311
ACAGTC	0.26008
ACAGTG	0.239811
ACAGTT	0.686379
ACATAA	0.881159
ACATAC	1.6975
ACATAG	1.48609
ACATAT	2.69627
ACATCA	1.85044
ACATCC	0.75445
ACATCG	2.00193
ACATCT	1.40012
ACATGA	3.08625
ACATGC	2.49501
ACATGG	1.24201
ACATGT	2.90316
ACATTA	0.170952
ACATTC	0.422629
ACATTG	0.383565
ACATTT	0.548985
ACCAAA	0.588196
ACCAAC	0.78969
ACCAAG	0.441005
ACCAAT	0.922105
ACCACA	0.249421
ACCACC	1.29671
ACCACG	0.425255
ACCACT	0.633946
ACCAGA	0.549928
ACCAGC	0.867052
ACCAGG	0.126789
ACCAGT	0.450434
ACCATA	0
ACCATC	0.275794
ACCATG	0.642875
ACCATT	0.349764
ACCCAA	1.40248
ACCCAC	0.551829
ACCCAG	1.23362
ACCCAT	0.898505
ACCCCA	2.06511
ACCCCC	2.37902
ACCCCG	0.985122
ACCCCT	2.61216
ACCCGA	1.02341
ACCCGC	0.702219
ACCCGG	0.450139
ACCCGT	1.63015
ACCCTA	1.79388
ACCCTC	0.491553
ACCCTG	0.457584
ACCCTT	1.41279
ACCGAA	0
ACCGAC	0.829892
ACCGAG	0.196742
ACCGAT	0.760735
ACCGCA	0.684662
ACCGCC	0.62698
ACCGCG	0.450434
ACCGCT	0.705839
ACCGGA	0.31919
ACCGGC	0.313704
ACCGGG	0.266925
ACCGGT	0.730305
ACCGTA	0
ACCGTC	0.270083
ACCGTG	0.185545
ACCGTT	0.861209
ACCTAA	0.62526
ACCTAC	0.903838
ACCTAG	0.428583
ACCTAT	0.86666
ACCTCA	0.621614
ACCTCC	0.853692
ACCTCG	0.299306
ACCTCT	0.786965
ACCTGA	1.43836
ACCTGC	0.932871
ACCTGG	0.727809
ACCTGT	1.29557
ACCTTA	0.815069
ACCTTC	0.284682
ACCTTG	0.642876
ACCTTT	0.102802
ACGAAA	0
ACGAAC	0
ACGAAG	0.288887
ACGAAT	0
ACGACA	1.26789
ACGACC	0.333169
ACGACG	0
ACGACT	1.35576
ACGAGA	0.596655
ACGAGC	0.661508
ACGAGG	0
ACGAGT	0
ACGATA	0.84526
ACGATC	0
ACGATG	0
ACGATT	0
ACGCAA	0.501584
ACGCAC	0.391794
ACGCAG	0.535414
ACGCAT	0.501584
ACGCCA	1.18556
ACGCCC	2.41893
ACGCCG	0.805484
ACGCCT	3.22486
ACGCGA	4.02743
ACGCGC	1.12424
ACGCGG	1.37128
ACGCGT	2.97679
ACGCTA	0.501584
ACGCTC	0.732258
ACGCTG	0.623127
ACGCTT	0.94436
ACGGAA	0.906837
ACGGAC	0.28707
ACGGAG	0
ACGGAT	0.518683
ACGGCA	0.490797
ACGGCC	1.13301
ACGGCG	0.698634
ACGGCT	1.30412
ACGGGA	0.366619
ACGGGC	0.627407
ACGGGG	0.294478
ACGGGT	0.633946
ACGGTA	0
ACGGTC	0.304294
ACGGTG	0
ACGGTT	0.374132
ACGTAA	0.981593
ACGTAC	1.44902
ACGTAG	1.41167
ACGTAT	0.485575
ACGTCA	0.396905
ACGTCC	1.36251
ACGTCG	0
ACGTCT	0.981593
ACGTGA	1.68163
ACGTGC	1.41376
ACGTGG	1.20911
ACGTGT	2.90223
ACGTTA	0.480464
ACGTTC	0.343189
ACGTTG	0.374132
ACGTTT	0.709491
ACTAAA	0.328375
ACTAAC	1.43535
ACTAAG	1.13542
ACTAAT	0.769282
ACTACA	0.925222
ACTACC	0.88917
ACTACG	0
ACTACT	2.12847
ACTAGA	0.754444
ACTAGC	0.298327
ACTAGG	0.797278
ACTAGT	1.04529
ACTATA	0.348428
ACTATC	0.323717
ACTATG	0.834953
ACTATT	0.62813
ACTCAA	1.53684
ACTCAC	2.16809
ACTCAG	1.65548
ACTCAT	1.63663
ACTCCA	3.08579
ACTCCC	4.42871
ACTCCG	2.47468
ACTCCT	4.3672
ACTCGA	4.56441
ACTCGC	2.19971
ACTCGG	1.47715
ACTCGT	2.98607
ACTCTA	0.80786
ACTCTC	0.650511
ACTCTG	0.551829
ACTCTT	2.19091
ACTGAA	0.956898
ACTGAC	0.954236
ACTGAG	0.228602
ACTGAT	1.55018
ACTGCA	1.1085
ACTGCC	2.48812
ACTGCG	0.739177
ACTGCT	1.63014
ACTGGA	1.19391
ACTGGC	1.75217
ACTGGG	0.878979
ACTGGT	1.77834
ACTGTA	0.528695
ACTGTC	0.235279
ACTGTG	0.36011
ACTGTT	0.454168
ACTTAA	1.61963
ACTTAC	3.65153
ACTTAG	2.23562
ACTTAT	1.72708
ACTTCA	1.45792
ACTTCC	1.42638
ACTTCG	0.815073
ACTTCT	2.20213
ACTTGA	1.2237
ACTTGC	2.90462
ACTTGG	1.66871
ACTTGT	2.41025
ACTTTA	0.667312
ACTTTC	0.320684
ACTTTG	0.207473
ACTTTT	0.476286
AGAAAA	0.435838
AGAAAC	0.394163
AGAAAG	0.325698
AGAAAT	0.146061
AGAACA	0.600582
AGAACC	1.15263
AGAACG	0.221573
AGAACT	0.685643
AGAAGA	0.726816
AGAAGC	0.427914
AGAAGG	0.648199
AGAAGT	0.304294
AGAATA	0.136659
AGAATC	0.200633
AGAATG	0.0881162
AGAATT	0.0900278
AGACAA	1.70738
AGACAC	0.850511
AGACAG	1.41576
AGACAT	1.05449
AGACCA	2.20859
AGACCC	2.96871
AGACCG	1.1298
AGACCT	2.11315
AGACGA	1.88872
AGACGC	1.44902
AGACGG	0.847221
AGACGT	1.60155
AGACTA	0.56005
AGACTC	0.709034
AGACTG	1.0082
AGACTT	0.887526
AGAGAA	0.78311
AGAGAC	1.04528
AGAGAG	0.385725
AGAGAT	1.20116
AGAGCA	0.532291
AGAGCC	1.15624
AGAGCG	0.726433
AGAGCT	0.723466
AGAGGA	0.375011
AGAGGC	0.749083
AGAGGG	0.21756
AGAGGT	1.3881
AGAGTA	0.187836
AGAGTC	0.112148
AGAGTG	0.180056
AGAGTT	0.442073
AGATAA	1.07538
AGATAC	2.05398
AGATAG	1.06149
AGATAT	1.15263
AGATCA	0.671235
AGATCC	0.4767
AGATCG	0
AGATCT	0.939731
AGATGA	0.94872
AGATGC	1.21394
AGATGG	0.921259
AGATGT	0.920776
AGATTA	0
AGATTC	0.37109
AGATTG	0.155252
AGATTT	0.291966
AGCAAA	0.368692
AGCAAC	0.803124
AGCAAG	0.156315
AGCAAT	0.284387
AGCACA	0.621614
AGCACC	0.313166
AGCACG	0.18331
AGCACT	0.896444
AGCAGA	0.52016
AGCAGC	0.308705
AGCAGG	0.12303
AGCAGT	0.596655
AGCATA	0.254994
AGCATC	0.138736
AGCATG	0.257877
AGCATT	0.485576
AGCCAA	0.532516
AGCCAC	0.631554
AGCCAG	0.584681
AGCCAT	1.27142
AGCCCA	1.38627
AGCCCC	1.25
AGCCCG	0.528698
AGCCCT	1.48839
AGCCGA	0.679229
AGCCGC	0.587333
AGCCGG	0.458735
AGCCGT	1.41376
AGCCTA	0.797972
AGCCTC	0.409364
AGCCTG	0.528288
AGCCTT	0.915932
AGCGAA	0.271691
AGCGAC	0.257877
AGCGAG	0.35383
AGCGAT	0.409364
AGCGCA	0.308407
AGCGCC	1.20604
AGCGCG	0.598611
AGCGCT	0.769283
AGCGGA	0.362256
AGCGGC	0.309103
AGCGGG	0.321437
AGCGGT	0.91288
AGCGTA	0
AGCGTC	0.201965
AGCGTG	0.290727
AGCGTT	0.256427
AGCTAA	0.430606
AGCTAC	0.351109
AGCTAG	0.341903
AGCTAT	0.661511
AGCTCA	0.339993
AGCTCC	0.0980538
AGCTCG	0
AGCTCT	0.412447
AGCTGA	1.12424
AGCTGC	0.742936
AGCTGG	0.664041
AGCTGT	0.77891
AGCTTA	0
AGCTTC	0.257876
AGCTTG	0.0941115
AGCTTT	0.517703
AGGAAA	0.227992
AGGAAC	0.284091
AGGAAG	0.227538
AGGAAT	0.230138
AGGACA	0.219443
AGGACC	0.608589
AGGACG	0
AGGACT	0.581983
AGGAGA	0.328374
AGGAGC	0.446518
AGGAGG	0.225542
AGGAGT	0.62526
AGGATA	0
AGGATC	0.226522
AGGATG	0.245839
AGGATT	0.0987968
AGGCAA	1.56196
AGGCAC	0.662574
AGGCAG	0.56897
AGGCAT	0.871484
AGGCCA	2.38281
AGGCCC	1.78165
AGGCCG	0.841664
AGGCCT	1.50004
AGGCGA	0.77891
AGGCGC	0.31263
AGGCGG	0.248336
AGGCGT	0.479203
AGGCTA	0.903844
AGGCTC	0.422631
AGGCTG	0.446397
AGGCTT	0.555668
AGGGAA	0.465756
AGGGAC	0.463729
AGGGAG	0.345313
AGGGAT	0.696855
AGGGCA	0.500971
AGGGCC	1.19391
AGGGCG	0.218045
AGGGCT	1.41063
AGGGGA	0.513905
AGGGGC	0.529324
AGGGGG	0.279739
AGGGGT	1.19011
AGGGTA	0
AGGGTC	0.241078
AGGGTG	0.290727
AGGGTT	0.30095
AGGTAA	1.00871
AGGTAC	1.08677
AGGTAG	0.414946
AGGTAT	0.941117
AGGTCA	0.62717
AGGTCC	0.182576
AGGTCG	0.203768
AGGTCT	0.432645
AGGTGA	0.828636
AGGTGC	0.719433
AGGTGG	0.318554
AGGTGT	1.37128
AGGTTA	0.503427
AGGTTC	0.368098
AGGTTG	0.282918
AGGTTT	0.0956898
AGTAAA	0.731142
AGTAAC	0.943057
AGTAAG	0
AGTAAT	0
AGTACA	0.163015
AGTACC	1.1764
AGTACG	0
AGTACT	1.51426
AGTAGA	0.613497
AGTAGC	0.926116
AGTAGG	0.141313
AGTAGT	0.210342
AGTATA	0.29639
AGTATC	0.87218
AGTATG	0
AGTATT	0.159594
AGTCAA	1.88754
AGTCAC	1.56494
AGTCAG	0.859183
AGTCAT	0.920245
AGTCCA	3.51954
AGTCCC	2.35851
AGTCCG	2.52178
AGTCCT	3.56329
AGTCGA	0
AGTCGC	1.50145
AGTCGG	0.786967
AGTCGT	1.72241
AGTCTA	0.521645
AGTCTC	0.665645
AGTCTG	0.768742
AGTCTT	0.734223
AGTGAA	0.404824
AGTGAC	0.845263
AGTGAG	0.648353
AGTGAT	0.861209
AGTGCA	0.690269
AGTGCC	1.25857
AGTGCG	0
AGTGCT	1.43582
AGTGGA	0.630196
AGTGGC	0.836225
AGTGGG	0.358462
AGTGGT	1.49876
AGTGTA	0.41684
AGTGTC	0.488171
AGTGTG	0.374132
AGTGTT	1.31539
AGTTAA	0.968574
AGTTAC	0.400386
AGTTAG	0.42658
AGTTAT	0.18331
AGTTCA	0.585181
AGTTCC	0.30095
AGTTCG	0.493451
AGTTCT	0.317708
AGTTGA	0.331957
AGTTGC	1.15764
AGTTGG	0.638378
AGTTGT	1.30411
AGTTTA	0
AGTTTC	0.284091
AGTTTG	0.210827
AGTTTT	0.154988
ATAAAA	0.632189
ATAAAC	0.827385
ATAAAG	0.894981
ATAAAT	0.638378
ATAACA	0.854758
ATAACC	1.70861
ATAACG	0.652058
ATAACT	0.754444
ATAAGA	0.770361
ATAAGC	0.509989
ATAAGG	0.554383
ATAAGT	0.493451
ATAATA	0.123362
ATAATC	0
ATAATG	0.575348
ATAATT	0.222654
ATACAA	1.93772
ATACAC	2.24145
ATACAG	0.978089
ATACAT	1.23362
ATACCA	5.38367
ATACCC	4.73139
ATACCG	3.57993
ATACCT	3.24483
ATACGA	5.07158
ATACGC	0.894983
ATACGG	2.01371
ATACGT	4.20407
ATACTA	1.91514
ATACTC	1.14828
ATACTG	1.22809
ATACTT	2.20585
ATAGAA	1.89467
ATAGAC	3.0029
ATAGAG	0.430606
ATAGAT	1.20116
ATAGCA	1.73882
ATAGCC	3.73694
ATAGCG	0
ATAGCT	2.81218
ATAGGA	1.50889
ATAGGC	1.1411
ATAGGG	1.37128
ATAGGT	2.18654
ATAGTA	0.321437
ATAGTC	0
ATAGTG	1.0677
ATAGTT	0.480465
ATATAA	3.02056
ATATAC	1.26089
ATATAG	1.27974
ATATAT	1.34908
ATATCA	1.34247
ATATCC	1.10652
ATATCG	0
ATATCT	2.60822
ATATGA	3.46663
ATATGC	3.20309
ATATGG	0.960929
ATATGT	2.44187
ATATTA	0.604557
ATATTC	0.365152
ATATTG	0.428583
ATATTT	0.29543
ATCAAA	0.527677
ATCAAC	0.249421
ATCAAG	0.696855
ATCAAT	0.633948
ATCACA	1.66211
ATCACC	1.72707
ATCACG	0.257877
ATCACT	1.37936
ATCAGA	1.2237
ATCAGC	0.389012
ATCAGG	0.265372
ATCAGT	0.867758
ATCATA	0.271691
ATCATC	0.187836
ATCATG	0.20842
ATCATT	0.289804
ATCCAA	1.38783
ATCCAC	1.65747
ATCCAG	0.732257
ATCCAT	1.179
ATCCCA	3.15563
ATCCCC	2.46281
ATCCCG	1.85271
ATCCCT	2.26859
ATCCGA	2.58363
ATCCGC	1.91783
ATCCGG	0.480465
ATCCGT	1.04529
ATCCTA	0.547728
ATCCTC	0.500484
ATCCTG	0.971149
ATCCTT	0.663111
ATCGAA	0.661508
ATCGAC	0
ATCGAG	0
ATCGAT	0
ATCGCA	0
ATCGCC	1.20116
ATCGCG	0.333169
ATCGCT	1.38917
ATCGGA	0.869411
ATCGGC	1.39727
ATCGGG	0
ATCGGT	2.9639
ATCGTA	0
ATCGTC	0
ATCGTG	0.407537
ATCGTT	0.549929
ATCTAA	0.905639
ATCTAC	1.28214
ATCTAG	0.796118
ATCTAT	1.89059
ATCTCA	0.409363
ATCTCC	0.338103
ATCTCG	0.822415
ATCTCT	0.558908
ATCTGA	1.78297
ATCTGC	1.01682
ATCTGG	0.954899
ATCTGT	1.26205
ATCTTA	0.193407
ATCTTC	0.364182
ATCTTG	0.42133
ATCTTT	0.218393
ATGAAA	0.346445
ATGAAC	0.507157
ATGAAG	0.240866
ATGAAT	0.455301
ATGACA	0.995355
ATGACC	1.14111
ATGACG	0.447491
ATGACT	0.688968
ATGAGA	0.392355
ATGAGC	0.76842
ATGAGG	0.405724
ATGAGT	0.721645
ATGATA	0.257877
ATGATC	0
ATGATG	0.174882
ATGATT	0.77626
ATGCAA	1.68532
ATGCAC	0.583309
ATGCAG	1.34814
ATGCAT	1.08677
ATGCCA	2.55429
ATGCCC	2.50552
ATGCCG	2.02863
ATGCCT	3.51108
ATGCGA	2.28221
ATGCGC	1.1411
ATGCGG	1.18556
ATGCGT	0.760735
ATGCTA	0.472994
ATGCTC	1.43085
ATGCTG	0.196319
ATGCTT	0.965283
ATGGAA	1.21179
ATGGAC	0.554383
ATGGAG	0.586256
ATGGAT	0.164188
ATGGCA	1.5429
ATGGCC	1.69052
ATGGCG	0.60859
ATGGCT	0.868233
ATGGGA	0.981595
ATGGGC	1.33889
ATGGGG	0.751963
ATGGGT	1.38841
ATGGTA	0.265373
ATGGTC	0
ATGGTG	0.0977389
ATGGTT	0.572939
ATGTAA	1.7819
ATGTAC	1.24032
ATGTAG	0.246726
ATGTAT	2.93845
ATGTCA	1.03737
ATGTCC	0.592778
ATGTCG	0.97115
ATGTCT	0.817996
ATGTGA	1.17791
ATGTGC	2.04813
ATGTGG	0.984235
ATGTGT	1.92185
ATGTTA	0.902058
ATGTTC	0.335618
ATGTTG	0
ATGTTT	0.177604
ATTAAA	0.390788
ATTAAC	0.974607
ATTAAG	0.842142
ATTAAT	0.543382
ATTACA	0.972741
ATTACC	1.4414
ATTACG	1.26789
ATTACT	0.718803
ATTAGA	0.348428
ATTAGC	0.691576
ATTAGG	0.9966
ATTAGT	1.04688
ATTATA	0.171595
ATTATC	0.185545
ATTATG	0.20842
ATTATT	0
ATTCAA	1.83099
ATTCAC	1.0016
ATTCAG	1.15799
ATTCAT	0.910283
ATTCCA	4.24409
ATTCCC	3.94352
ATTCCG	1.33462
ATTCCT	3.19747
ATTCGA	1.90183
ATTCGC	1.42638
ATTCGG	2.10204
ATTCGT	3.2603
ATTCTA	0.691574
ATTCTC	0.725788
ATTCTG	0.530746
ATTCTT	1.13082
ATTGAA	0.815073
ATTGAC	0.94436
ATTGAG	1.21486
ATTGAT	1.28575
ATTGCA	0.998467
ATTGCC	1.63015
ATTGCG	0.422631
ATTGCT	1.79266
ATTGGA	1.57938
ATTGGC	2.58363
ATTGGG	0.707659
ATTGGT	1.51307
ATTGTA	0.372605
ATTGTC	0.616812
ATTGTG	0.349764
ATTGTT	0.589717
ATTTAA	0.960926
ATTTAC	1.90184
ATTTAG	1.09655
ATTTAT	1.29947
ATTTCA	1.24258
ATTTCC	0.834953
ATTTCG	0.393484
ATTTCT	1.18647
ATTTGA	1.51068
ATTTGC	1.60806
ATTTGG	1.60985
ATTTGT	2.03314
ATTTTA	0.191514
ATTTTC	0
ATTTTG	0.411208
ATTTTT	0.29784
CAAAAA	0.499389
CAAAAC	0.588415
CAAAAG	0.690269
CAAAAT	0.328966
CAAACA	0.861208
CAAACC	1.16764
CAAACG	0.966015
CAAACT	0.877771
CAAAGA	0.752375
CAAAGC	1.2657
CAAAGG	0.500798
CAAAGT	0.60556
CAAATA	0.409363
CAAATC	0.479203
CAAATG	0.291346
CAAATT	0.120752
CAACAA	1.37275
CAACAC	1.73175
CAACAG	0.771991
CAACAT	1.40277
CAACCA	2.77472
CAACCC	3.6655
CAACCG	0.298327
CAACCT	2.38053
CAACGA	0.80786
CAACGC	1.69052
CAACGG	0.276631
CAACGT	1.74214
CAACTA	2.07474
CAACTC	0.976342
CAACTG	1.37558
CAACTT	0.91901
CAAGAA	0.686377
CAAGAC	0.757131
CAAGAG	0.356594
CAAGAT	0.28617
CAAGCA	1.08677
CAAGCC	1.33267
CAAGCG	0.750724
CAAGCT	1.51809
CAAGGA	0.754448
CAAGGC	0.645906
CAAGGG	0.394845
CAAGGT	1.35165
CAAGTA	0
CAAGTC	0.134247
CAAGTG	0.195478
CAAGTT	0.124371
CAATAA	1.28777
CAATAC	1.90184
CAATAG	1.82577
CAATAT	0.941117
CAATCA	1.75554
CAATCC	0.750724
CAATCG	0.713189
CAATCT	2.44249
CAATGA	1.75554
CAATGC	1.50889
CAATGG	2.10202
CAATGT	1.71595
CAATTA	1.04929
CAATTC	0.470556
CAATTG	0.533849
CAATTT	0.232285
CACAAA	0.155252
CACAAC	0.556635
CACAAG	0.11298
CACAAT	0
CACACA	0.322446
CACACC	0.208104
CACACG	0.691576
CACACT	0.280599
CACAGA	0.254639
CACAGC	0.248877
CACAGG	0.163795
CACAGT	0.0862837
CACATA	0.149653
CACATC	0.115263
CACATG	0.120752
CACATT	0.200194
CACCAA	0.571982
CACCAC	0.702218
CACCAG	0.628706
CACCAT	0.711602
CACCCA	1.3688
CACCCC	1.17556
CACCCG	0.576558
CACCCT	0.523308
CACCGA	1.07146
CACCGC	0.323717
CACCGG	0.648353
CACCGT	0.524646
CACCTA	1.04131
CACCTC	0.535729
CACCTG	1.06042
CACCTT	0.919571
CACGAA	0.312631
CACGAC	0
CACGAG	0.200193
CACGAT	0.308406
CACGCA	0.291655
CACGCC	0.517844
CACGCG	0.195061
CACGCT	0
CACGGA	0.522643
CACGGC	0.125396
CACGGG	0
CACGGT	0.707659
CACGTA	0
CACGTC	0
CACGTG	0.252876
CACGTT	0.664718
CACTAA	0.409364
CACTAC	0.456441
CACTAG	1.06149
CACTAT	0.845261
CACTCA	0.532812
CACTCC	0.335208
CACTCG	0.432644
CACTCT	0.338731
CACTGA	0.170952
CACTGC	0.504912
CACTGG	0.541769
CACTGT	0.495234
CACTTA	0.288887
CACTTC	0.0918393
CACTTG	0.0979488
CACTTT	0.194506
CAGAAA	0.482156
CAGAAC	0.251713
CAGAAG	0.114253
CAGAAT	0.18442
CAGACA	0.21329
CAGACC	0.392807
CAGACG	0
CAGACT	0.185545
CAGAGA	0.233116
CAGAGC	0.0832922
CAGAGG	0.282501
CAGAGT	0.477116
CAGATA	0.621006
CAGATC	0.304972
CAGATG	0.0822417
CAGATT	0.219443
CAGCAA	1.00232
CAGCAC	0.608586
CAGCAG	0.740747
CAGCAT	0.733237
CAGCCA	1.61921
CAGCCC	0.982214
CAGCCG	0.808512
CAGCCT	0.948097
CAGCGA	0.726433
CAGCGC	0.741632
CAGCGG	0.42185
CAGCGT	0.800775
CAGCTA	0.570552
CAGCTC	0.650201
CAGCTG	0.973452
CAGCTT	0.81386
CAGGAA	0.365152
CAGGAC	0.359875
CAGGAG	0.110854
CAGGAT	0.165377
CAGGCA	0.386087
CAGGCC	0.609943
CAGGCG	0.299306
CAGGCT	0.75002
CAGGGA	0.493068
CAGGGC	0.366486
CAGGGG	0.251945
CAGGGT	0.468143
CAGGTA	0.223199
CAGGTC	0.0751963
CAGGTG	0.223745
CAGGTT	0.177604
CAGTAA	0.238974
CAGTAC	0.385181
CAGTAG	0.892068
CAGTAT	0.79381
CAGTCA	0.720696
CAGTCC	0.287521
CAGTCG	0
CAGTCT	0.631442
CAGTGA	0.934054
CAGTGC	0.798227
CAGTGG	0.545982
CAGTGT	0.876086
CAGTTA	0.740974
CAGTTC	0.097322
CAGTTG	0.48173
CAGTTT	0.654134
CATAAA	0
CATAAC	0.274964
CATAAG	0.570551
CATAAT	0.20842
CATACA	0.842142
CATACC	0.760731
CATACG	0
CATACT	0.732258
CATAGA	0.748263
CATAGC	0
CATAGG	0.69158
CATAGT	0.276631
CATATA	0.764983
CATATC	0.314787
CATATG	0
CATATT	0
CATCAA	0.77891
CATCAC	1.17371
CATCAG	1.03475
CATCAT	1.34742
CATCCA	3.2458
CATCCC	3.40244
CATCCG	1.43385
CATCCT	3.12945
CATCGA	1.00317
CATCGC	0.981593
CATCGG	1.05332
CATCGT	2.38144
CATCTA	0.614045
CATCTC	0.711953
CATCTG	0.871677
CATCTT	1.29793
CATGAA	0.518681
CATGAC	0.206535
CATGAG	0.425255
CATGAT	0.42658
CATGCA	0.600579
CATGCC	1.27882
CATGCG	0.581453
CATGCT	0.364182
CATGGA	1.54524
CATGGC	0.987493
CATGGG	0.781197
CATGGT	1.12148
CATGTA	0.62526
CATGTC	0.181848
CATGTG	0
CATGTT	0.464569
CATTAA	0.530743
CATTAC	1.5896
CATTAG	0.558907
CATTAT	0.888019
CATTCA	1.44444
CATTCC	0.744935
CATTCG	0
CATTCT	0.733237
CATTGA	2.14795
CATTGC	0.931513
CATTGG	1.01432
CATTGT	2.02863
CATTTA	0.196742
CATTTC	0.347102
CATTTG	0.489744
CATTTT	0.170526
CCAAAA	1.20965
CCAAAC	0.94306
CCAAAG	0.759761
CCAAAT	0.516335
CCAACA	1.97423
CCAACC	2.358
CCAACG	0.760731
CCAACT	1.1298
CCAAGA	1.29757
CCAAGC	1.17791
CCAAGG	1.0411
CCAAGT	1.25449
CCAATA	0.509989
CCAATC	0.339362
CCAATG	0.38196
CCAATT	0.157938
CCACAA	3.5822
CCACAC	2.35279
CCACAG	1.47897
CCACAT	1.86079
CCACCA	3.72715
CCACCC	4.39068
CCACCG	2.31218
CCACCT	4.4956
CCACGA	2.46724
CCACGC	2.75067
CCACGG	2.23746
CCACGT	2.88887
CCACTA	2.35466
CCACTC	1.44277
CCACTG	1.49381
CCACTT	1.30164
CCAGAA	1.12562
CCAGAC	1.18385
CCAGAG	0.95178
CCAGAT	0.656078
CCAGCA	1.853
CCAGCC	2.41478
CCAGCG	0.804299
CCAGCT	1.89744
CCAGGA	1.54447
CCAGGC	1.34176
CCAGGG	1.08467
CCAGGT	2.11699
CCAGTA	0.623127
CCAGTC	0.534296
CCAGTG	0.329323
CCAGTT	1.33985
CCATAA	1.82576
CCATAC	0.546636
CCATAG	2.11751
CCATAT	2.29368
CCATCA	2.04886
CCATCC	2.87185
CCATCG	0.276631
CCATCT	1.52147
CCATGA	3.31409
CCATGC	2.54192
CCATGG	1.93407
CCATGT	3.68098
CCATTA	0.871071
CCATTC	0.351108
CCATTG	0.894984
CCATTT	1.00133
CCCAAA	0.404954
CCCAAC	0.314245
CCCAAG	0.234674
CCCAAT	0.754444
CCCACA	0.604194
CCCACC	0.410415
CCCACG	0
CCCACT	0.594325
CCCAGA	0.56005
CCCAGC	0.457532
CCCAGG	0.383028
CCCAGT	0.417659
CCCATA	0.79381
CCCATC	0.344744
CCCATG	0.223746
CCCATT	0.256427
CCCCAA	1.78996
CCCCAC	1.22852
CCCCAG	0.95092
CCCCAT	1.07715
CCCCCA	2.03823
CCCCCC	2.17353
CCCCCG	1.17671
CCCCCT	2.13006
CCCCGA	1.6193
CCCCGC	0.882722
CCCCGG	0.817812
CCCCGT	1.44574
CCCCTA	0.847506
CCCCTC	0.420533
CCCCTG	1.4057
CCCCTT	0.878897
CCCGAA	0.176232
CCCGAC	0.925222
CCCGAG	0.136659
CCCGAT	0.304294
CCCGCA	0.637744
CCCGCC	0.609443
CCCGCG	0.566506
CCCGCT	1.39638
CCCGGA	0.378788
CCCGGC	0.929786
CCCGGG	0.318447
CCCGGT	0.575949
CCCGTA	0
CCCGTC	0.21379
CCCGTG	0.37109
CCCGTT	0.21329
CCCTAA	0.796117
CCCTAC	1.50711
CCCTAG	1.37558
CCCTAT	1.02341
CCCTCA	1.01035
CCCTCC	0.750955
CCCTCG	0.499389
CCCTCT	1.16822
CCCTGA	1.31608
CCCTGC	1.68474
CCCTGG	1.26625
CCCTGT	1.34591
CCCTTA	0.413692
CCCTTC	0.518148
CCCTTG	0.37109
CCCTTT	0.418206
CCGAAA	0.260822
CCGAAC	0.713189
CCGAAG	0.440297
CCGAAT	0.356595
CCGACA	0.302279
CCGACC	0.881159
CCGACG	0.359402
CCGACT	0.252178
CCGAGA	0.783112
CCGAGC	0.323717
CCGAGG	0.305926
CCGAGT	0.294478
CCGATA	1.08676
CCGATC	0
CCGATG	0
CCGATT	0
CCGCAA	0.840076
CCGCAC	1.72995
CCGCAG	1.08161
CCGCAT	1.82576
CCGCCA	1.74214
CCGCCC	2.18615
CCGCCG	0.888646
CCGCCT	2.10827
CCGCGA	0.93151
CCGCGC	1.18828
CCGCGG	0.698633
CCGCGT	3.03031
CCGCTA	1.13167
CCGCTC	0.287069
CCGCTG	0.488172
CCGCTT	0.803594
CCGGAA	0.375672
CCGGAC	1.39727
CCGGAG	0.165979
CCGGAT	0.250792
CCGGCA	0.968574
CCGGCC	1.29453
CCGGCG	0.410283
CCGGCT	0.824442
CCGGGA	1.04662
CCGGGC	0.337167
CCGGGG	0.480463
CCGGGT	0.532812
CCGGTA	0.490797
CCGGTC	0.195061
CCGGTG	0
CCGGTT	0.702218
CCGTAA	1.90183
CCGTAC	3.35618
CCGTAG	0.647434
CCGTAT	1.01431
CCGTCA	1.37621
CCGTCC	0.886293
CCGTCG	0.780241
CCGTCT	0.771761
CCGTGA	2.13654
CCGTGC	1.26789
CCGTGG	1.09387
CCGTGT	0.981596
CCGTTA	0.507156
CCGTTC	0
CCGTTG	0.314787
CCGTTT	0.214292
CCTAAA	1.05231
CCTAAC	0.582691
CCTAAG	0.560048
CCTAAT	1.00983
CCTACA	2.8157
CCTACC	1.08936
CCTACG	0.396905
CCTACT	1.29486
CCTAGA	1.79266
CCTAGC	1.30785
CCTAGG	1.11574
CCTAGT	0.614045
CCTATA	0.338105
CCTATC	0.954899
CCTATG	0
CCTATT	0.600579
CCTCAA	3.09103
CCTCAC	2.28538
CCTCAG	2.239
CCTCAT	2.69081
CCTCCA	5.54702
CCTCCC	5.71451
CCTCCG	3.23018
CCTCCT	5.5872
CCTCGA	4.79366
CCTCGC	2.30138
CCTCGG	1.97859
CCTCGT	2.67568
CCTCTA	1.51306
CCTCTC	1.33669
CCTCTG	1.57264
CCTCTT	1.64661
CCTGAA	0.998945
CCTGAC	1.84613
CCTGAG	0.771178
CCTGAT	0.620165
CCTGCA	1.15496
CCTGCC	2.71398
CCTGCG	1.05985
CCTGCT	2.14021
CCTGGA	1.52753
CCTGGC	1.71064
CCTGGG	1.05212
CCTGGT	2.29263
CCTGTA	0.42133
CCTGTC	1.13364
CCTGTG	0.646669
CCTGTT	0.96741
CCTTAA	2.19311
CCTTAC	2.53579
CCTTAG	2.05142
CCTTAT	3.40909
CCTTCA	1.24952
CCTTCC	2.22994
CCTTCG	0.507157
CCTTCT	2.26335
CCTTGA	5.15171
CCTTGC	2.72741
CCTTGG	1.90886
CCTTGT	3.44101
CCTTTA	1.25208
CCTTTC	0.575786
CCTTTG	0.562638
CCTTTT	0.744197
CGAAAA	0.604558
CGAAAC	1.87579
CGAAAG	0.661508
CGAAAT	0
CGAACA	0
CGAACC	0.374132
CGAACG	0
CGAACT	0.791516
CGAAGA	0.488172
CGAAGC	0.38196
CGAAGG	0.327198
CGAAGT	0.59278
CGAATA	0
CGAATC	0
CGAATG	0
CGAATT	0
CGACAA	1.98452
CGACAC	0.964311
CGACAG	1.31486
CGACAT	1.18556
CGACCA	3.23143
CGACCC	2.89533
CGACCG	0.950919
CGACCT	1.58075
CGACGA	0
CGACGC	0.383564
CGACGG	0.35383
CGACGT	1.28575
CGACTA	0
CGACTC	1.34247
CGACTG	0.268495
CGACTT	0.691577
CGAGAA	0
CGAGAC	0.28617
CGAGAG	0.163015
CGAGAT	0.207472
CGAGCA	0.468145
CGAGCC	0.950923
CGAGCG	0
CGAGCT	0.871071
CGAGGA	0.378265
CGAGGC	0.474636
CGAGGG	0.893231
CGAGGT	0.687412
CGAGTA	0
CGAGTC	0
CGAGTG	0
CGAGTT	0.306336
CGATAA	1.86302
CGATAC	2.68495
CGATAG	1.90184
CGATAT	2.85276
CGATCA	1.08676
CGATCC	0.86666
CGATCG	0
CGATCT	0.845262
CGATGA	0
CGATGC	1.10429
CGATGG	0.507154
CGATGT	4.27913
CGATTA	0
CGATTC	0.238974
CGATTG	0
CGATTT	0.345789
CGCAAA	0
CGCAAC	0
CGCAAG	0.294478
CGCAAT	0
CGCACA	0.303284
CGCACC	0.258606
CGCACG	0.265373
CGCACT	0.45192
CGCAGA	0.417477
CGCAGC	0.148195
CGCAGG	0.475461
CGCAGT	0.178298
CGCATA	0
CGCATC	0
CGCATG	0
CGCATT	0
CGCCAA	1.48839
CGCCAC	0.376445
CGCCAG	0.48992
CGCCAT	0
CGCCCA	1.01281
CGCCCC	1.03267
CGCCCG	0.825275
CGCCCT	1.65704
CGCCGA	1.74436
CGCCGC	0.299305
CGCCGG	0.316973
CGCCGT	0.702218
CGCCTA	0.31919
CGCCTC	0.335619
CGCCTG	0.707238
CGCCTT	0.693679
CGCGAA	0
CGCGAC	0.35383
CGCGAG	0.458736
CGCGAT	0.724509
CGCGCA	0.534893
CGCGCC	0.254639
CGCGCG	0.25715
CGCGCT	0.302279
CGCGGA	0.348428
CGCGGC	0.467665
CGCGGG	0.411208
CGCGGT	0.163015
CGCGTA	0
CGCGTC	0.405727
CGCGTG	0.195897
CGCGTT	0
CGCTAA	0.451922
CGCTAC	1.58762
CGCTAG	1.27974
CGCTAT	0.577774
CGCTCA	0.146295
CGCTCC	0.598332
CGCTCG	0.245399
CGCTCT	0.526156
CGCTGA	0.494339
CGCTGC	0.533405
CGCTGG	0.55956
CGCTGT	0.412447
CGCTTA	0.730305
CGCTTC	0.158487
CGCTTG	0.444585
CGCTTT	0.197594
CGGAAA	0.211316
CGGAAC	0
CGGAAG	0
CGGAAT	0
CGGACA	0.185545
CGGACC	0.539103
CGGACG	0.57414
CGGACT	0.702218
CGGAGA	0.266925
CGGAGC	0.156853
CGGAGG	0.139371
CGGAGT	0.323716
CGGATA	0
CGGATC	0.182576
CGGATG	0
CGGATT	0
CGGCAA	0.65675
CGGCAC	0.694205
CGGCAG	0.347764
CGGCAT	0.60058
CGGCCA	1.26288
CGGCCC	0.645354
CGGCCG	0.608589
CGGCCT	1.18215
CGGCGA	0.786967
CGGCGC	0.407536
CGGCGG	0.40109
CGGCGT	0.769282
CGGCTA	0.475459
CGGCTC	0.323143
CGGCTG	0.454171
CGGCTT	0.645146
CGGGAA	0.625264
CGGGAC	0.114972
CGGGAG	0.241248
CGGGAT	0
CGGGCA	0.248066
CGGGCC	0.338105
CGGGCG	0.124371
CGGGCT	0.770725
CGGGGA	0.290264
CGGGGC	0.181487
CGGGGG	0.29372
CGGGGT	0.244086
CGGGTA	0
CGGGTC	0.133073
CGGGTG	0.353829
CGGGTT	0
CGGTAA	0.507156
CGGTAC	0.518683
CGGTAG	0.742181
CGGTAT	0
CGGTCA	0.504356
CGGTCC	0.163599
CGGTCG	0.434706
CGGTCT	0.524645
CGGTGA	0.503427
CGGTGC	0.302279
CGGTGG	0.821592
CGGTGT	0.642875
CGGTTA	1.06149
CGGTTC	0
CGGTTG	0.326029
CGGTTT	0.229368
CGTAAA	0.903843
CGTAAC	0
CGTAAG	0.536989
CGTAAT	0.633946
CGTACA	0.556635
CGTACC	1.80174
CGTACG	0
CGTACT	0.815073
CGTAGA	0
CGTAGC	0
CGTAGG	0
CGTAGT	0
CGTATA	0
CGTATC	0.616811
CGTATG	0.671237
CGTATT	0
CGTCAA	1.15555
CGTCAC	0.824893
CGTCAG	0.845262
CGTCAT	1.06149
CGTCCA	4.43762
CGTCCC	3.80367
CGTCCG	0.521645
CGTCCT	3.32966
CGTCGA	0.736194
CGTCGC	1.90184
CGTCGG	0.800773
CGTCGT	1.09986
CGTCTA	0.524645
CGTCTC	0.441005
CGTCTG	1.14828
CGTCTT	1.42638
CGTGAA	0.221573
CGTGAC	1.04929
CGTGAG	0.50575
CGTGAT	0
CGTGCA	1.28835
CGTGCC	0.889999
CGTGCG	0
CGTGCT	1.00686
CGTGGA	0.301281
CGTGGC	0.804808
CGTGGG	0.276074
CGTGGT	1.22626
CGTGTA	0.411208
CGTGTC	0.197594
CGTGTG	0.315876
CGTGTT	0.688103
CGTTAA	0
CGTTAC	0.642875
CGTTAG	0.456441
CGTTAT	0.507156
CGTTCA	0.681255
CGTTCC	0.9966
CGTTCG	0
CGTTCT	1.65548
CGTTGA	1.53856
CGTTGC	0.877771
CGTTGG	1.26789
CGTTGT	3.72604
CGTTTA	0
CGTTTC	0
CGTTTG	0.280025
CGTTTT	0.175554
CTAAAA	1.85357
CTAAAC	2.16493
CTAAAG	1.00686
CTAAAT	0.840075
CTAACA	0.877768
CTAACC	2.42358
CTAACG	1.20116
CTAACT	1.21718
CTAAGA	1.3135
CTAAGC	2.0669
CTAAGG	1.28777
CTAAGT	0.58769
CTAATA	0.490797
CTAATC	0.490797
CTAATG	1.35962
CTAATT	0.633946
CTACAA	2.62701
CTACAC	3.60347
CTACAG	0.99708
CTACAT	3.04294
CTACCA	4.89044
CTACCC	5.01846
CTACCG	2.05604
CTACCT	3.64612
CTACGA	4.50805
CTACGC	3.47293
CTACGG	1.8442
CTACGT	2.32878
CTACTA	1.05102
CTACTC	1.6641
CTACTG	1.81258
CTACTT	1.97025
CTAGAA	1.11327
CTAGAC	2.03364
CTAGAG	1.40012
CTAGAT	2.22053
CTAGCA	3.10769
CTAGCC	3.06336
CTAGCG	1.48436
CTAGCT	2.23562
CTAGGA	1.08676
CTAGGC	1.68532
CTAGGG	1.28411
CTAGGT	0.905639
CTAGTA	0
CTAGTC	0
CTAGTG	0.411208
CTAGTT	1.55101
CTATAA	0.922105
CTATAC	3.35002
CTATAG	3.07221
CTATAT	1.95618
CTATCA	2.67066
CTATCC	1.41376
CTATCG	1.60155
CTATCT	2.55764
CTATGA	2.40233
CTATGC	2.41645
CTATGG	2.68495
CTATGT	3.66989
CTATTA	0.240233
CTATTC	0.198453
CTATTG	0.268495
CTATTT	0.338941
CTCAAA	0.733828
CTCAAC	0.900869
CTCAAG	0.480464
CTCAAT	0.351107
CTCACA	1.26132
CTCACC	0.775819
CTCACG	0.824896
CTCACT	0.778022
CTCAGA	0.686378
CTCAGC	0.428583
CTCAGG	0.422631
CTCAGT	1.01431
CTCATA	0.512855
CTCATC	0.206534
CTCATG	0
CTCATT	0.379576
CTCCAA	1.34874
CTCCAC	0.918282
CTCCAG	0.783187
CTCCAT	0.38421
CTCCCA	2.18439
CTCCCC	2.45031
CTCCCG	0.955107
CTCCCT	1.66314
CTCCGA	0.736196
CTCCGC	1.51687
CTCCGG	1.26132
CTCCGT	1.64695
CTCCTA	1.29181
CTCCTC	0.538177
CTCCTG	1.0221
CTCCTT	0.888209
CTCGAA	0.22596
CTCGAC	0
CTCGAG	0.414945
CTCGAT	0
CTCGCA	0.636892
CTCGCC	1.24201
CTCGCG	0.238974
CTCGCT	0.897498
CTCGGA	0.447492
CTCGGC	0.345266
CTCGGG	0.55956
CTCGGT	0.733237
CTCGTA	0
CTCGTC	0
CTCGTG	0.577772
CTCGTT	0.281754
CTCTAA	1.30412
CTCTAC	1.77158
CTCTAG	0.778025
CTCTAT	2.43186
CTCTCA	1.1411
CTCTCC	0.90277
CTCTCG	0.489044
CTCTCT	1.10541
CTCTGA	1.65644
CTCTGC	1.10491
CTCTGG	1.20994
CTCTGT	2.47029
CTCTTA	0.551588
CTCTTC	0.0579239
CTCTTG	0.251713
CTCTTT	0.406328
CTGAAA	0.339614
CTGAAC	0.435742
CTGAAG	0.320534
CTGAAT	0.21379
CTGACA	1.65801
CTGACC	1.13167
CTGACG	0.713188
CTGACT	0.848754
CTGAGA	0.610215
CTGAGC	0.790602
CTGAGG	0.379104
CTGAGT	0.673712
CTGATA	0.436786
CTGATC	0.149653
CTGATG	0
CTGATT	0.580713
CTGCAA	1.45012
CTGCAC	1.27804
CTGCAG	1.13462
CTGCAT	0.788665
CTGCCA	2.23287
CTGCCC	2.50859
CTGCCG	1.13502
CTGCCT	2.033
CTGCGA	1.43135
CTGCGC	1.49381
CTGCGG	1.1687
CTGCGT	2.09514
CTGCTA	0.997682
CTGCTC	0.855264
CTGCTG	1.04074
CTGCTT	0.981593
CTGGAA	0.713933
CTGGAC	0.440702
CTGGAG	0.401742
CTGGAT	0.797664
CTGGCA	1.09066
CTGGCC	1.43658
CTGGCG	0.527679
CTGGCT	1.36313
CTGGGA	0.933192
CTGGGC	0.89392
CTGGGG	0.706818
CTGGGT	1.16185
CTGGTA	0
CTGGTC	0.286618
CTGGTG	0.192863
CTGGTT	0.0937252
CTGTAA	1.3135
CTGTAC	1.72537
CTGTAG	1.76915
CTGTAT	2.54588
CTGTCA	0.444874
CTGTCC	1.12371
CTGTCG	0.331957
CTGTCT	1.43355
CTGTGA	2.53993
CTGTGC	1.29905
CTGTGG	1.17179
CTGTGT	1.96251
CTGTTA	0.700062
CTGTTC	0.0911061
CTGTTG	0.831782
CTGTTT	0.431187
CTTAAA	0.563507
CTTAAC	1.24323
CTTAAG	0.710414
CTTAAT	0.482156
CTTACA	2.06751
CTTACC	1.74214
CTTACG	0
CTTACT	1.15346
CTTAGA	1.31665
CTTAGC	1.38315
CTTAGG	0.384641
CTTAGT	1.23921
CTTATA	0.268495
CTTATC	0.214292
CTTATG	0.563507
CTTATT	0.561772
CTTCAA	2.56821
CTTCAC	2.24319
CTTCAG	1.51516
CTTCAT	1.67501
CTTCCA	3.85272
CTTCCC	4.47561
CTTCCG	1.53168
CTTCCT	4.08963
CTTCGA	3.23926
CTTCGC	2.10078
CTTCGG	1.81128
CTTCGT	3.14786
CTTCTA	1.31665
CTTCTC	0.731978
CTTCTG	1.30242
CTTCTT	1.9727
CTTGAA	1.08861
CTTGAC	1.17791
CTTGAG	0.653393
CTTGAT	1.24809
CTTGCA	1.97099
CTTGCC	2.82334
CTTGCG	0.533849
CTTGCT	1.90184
CTTGGA	1.52147
CTTGGC	1.92439
CTTGGG	1.3343
CTTGGT	2.91346
CTTGTA	0.549929
CTTGTC	0.798774
CTTGTG	0.582195
CTTGTT	1.70538
CTTTAA	2.50595
CTTTAC	2.75702
CTTTAG	0.909852
CTTTAT	2.85275
CTTTCA	1.7648
CTTTCC	1.36542
CTTTCG	0
CTTTCT	1.81768
CTTTGA	2.74054
CTTTGC	3.35981
CTTTGG	2.03719
CTTTGT	3.26571
CTTTTA	0.555507
CTTTTC	0.550592
CTTTTG	0.527679
CTTTTT	0.148516
GAAAAA	0.435627
GAAAAC	0.519527
GAAAAG	0.328375
GAAAAT	0
GAAACA	0.96943
GAAACC	0.788476
GAAACG	0.434705
GAAACT	0.976821
GAAAGA	0.776666
GAAAGC	0.81362
GAAAGG	0.79381
GAAAGT	0.607238
GAAATA	0.655179
GAAATC	0.237729
GAAATG	0.157393
GAAATT	0
GAACAA	2.13401
GAACAC	1.15717
GAACAG	1.16806
GAACAT	0.47546
GAACCA	1.64369
GAACCC	3.04294
GAACCG	2.92903
GAACCT	3.20742
GAACGA	1.29487
GAACGC	1.22043
GAACGG	1.4414
GAACGT	3.35618
GAACTA	0.695086
GAACTC	1.25981
GAACTG	1.36095
GAACTT	0.625261
GAAGAA	1.15641
GAAGAC	0.551257
GAAGAG	0.372099
GAAGAT	0.750724
GAAGCA	1.13239
GAAGCC	1.53211
GAAGCG	0.425255
GAAGCT	0.749628
GAAGGA	1.25052
GAAGGC	0.632189
GAAGGG	0.429703
GAAGGT	0.398638
GAAGTA	1.01809
GAAGTC	0.374131
GAAGTG	0.281753
GAAGTT	0.767128
GAATAA	1.55741
GAATAC	0
GAATAG	0
GAATAT	0.742177
GAATCA	1.26399
GAATCC	0.650511
GAATCG	0
GAATCT	0.25715
GAATGA	1.8588
GAATGC	0.585181
GAATGG	1.15069
GAATGT	1.41279
GAATTA	0.42394
GAATTC	0.229368
GAATTG	0.280025
GAATTT	0.287673
GACAAA	0.336444
GACAAC	0.21329
GACAAG	0
GACAAT	0
GACACA	0.281753
GACACC	0.201965
GACACG	0
GACACT	0.748264
GACAGA	0.126613
GACAGC	0.234875
GACAGG	0.178065
GACAGT	0.225961
GACATA	0
GACATC	0.181128
GACATG	0
GACATT	0.29543
GACCAA	0.490797
GACCAC	0.872183
GACCAG	0.34684
GACCAT	0.182576
GACCCA	0.57294
GACCCC	0.804808
GACCCG	0.134643
GACCCT	0.962615
GACCGA	0.365153
GACCGC	0.360823
GACCGG	0.184794
GACCGT	0.351108
GACCTA	1.04929
GACCTC	0.0842142
GACCTG	0.659384
GACCTT	0.632481
GACGAA	0
GACGAC	0
GACGAG	0
GACGAT	0.992263
GACGCA	0.445308
GACGCC	0.294478
GACGCG	0
GACGCT	0.605896
GACGGA	0.19098
GACGGC	0.169052
GACGGG	0
GACGGT	0.302279
GACGTA	0
GACGTC	0.302279
GACGTG	0
GACGTT	0.365153
GACTAA	0.585181
GACTAC	0
GACTAG	0.960929
GACTAT	1.02957
GACTCA	0.387909
GACTCC	0.0749493
GACTCG	0.244086
GACTCT	0.308406
GACTGA	0.459889
GACTGC	0.571982
GACTGG	0.232482
GACTGT	0.407537
GACTTA	0
GACTTC	0.235279
GACTTG	0.136251
GACTTT	0.111599
GAGAAA	0.336857
GAGAAC	0.103267
GAGAAG	0.0555281
GAGAAT	0.0815073
GAGACA	0.726816
GAGACC	0.208104
GAGACG	0.212793
GAGACT	0.937252
GAGAGA	0.292591
GAGAGC	0.203465
GAGAGG	0.415978
GAGAGT	0
GAGATA	0.351107
GAGATC	0.102341
GAGATG	0.180412
GAGATT	0.112701
GAGCAA	0.539104
GAGCAC	0.533225
GAGCAG	0.856719
GAGCAT	1.19666
GAGCCA	1.23764
GAGCCC	1.71391
GAGCCG	0.679002
GAGCCT	1.60051
GAGCGA	0.857973
GAGCGC	1.05903
GAGCGG	0.81346
GAGCGT	1.33593
GAGCTA	0.784261
GAGCTC	0.299796
GAGCTG	0.304585
GAGCTT	0.476452
GAGGAA	0.505907
GAGGAC	0.0777582
GAGGAG	0.238975
GAGGAT	0.637744
GAGGCA	0.653926
GAGGCC	0.874116
GAGGCG	0.233175
GAGGCT	0.861209
GAGGGA	0.374746
GAGGGC	0.786966
GAGGGG	0.250791
GAGGGT	0.88917
GAGGTA	0.153168
GAGGTC	0.225218
GAGGTG	0.154377
GAGGTT	0.360822
GAGTAA	1.23921
GAGTAC	0.540167
GAGTAG	0.740175
GAGTAT	0
GAGTCA	0.254996
GAGTCC	0.0977389
GAGTCG	0.281754
GAGTCT	0.293846
GAGTGA	1.02341
GAGTGC	0.940234
GAGTGG	0.53778
GAGTGT	1.08676
GAGTTA	0.202863
GAGTTC	0
GAGTTG	0.12237
GAGTTT	0.298979
GATAAA	0.136251
GATAAC	0
GATAAG	0.222654
GATAAT	0.754444
GATACA	0.430606
GATACC	0.351108
GATACG	1.60155
GATACT	0.549929
GATAGA	0.49613
GATAGC	0.330754
GATAGG	0.648966
GATAGT	0
GATATA	0
GATATC	0
GATATG	0.57414
GATATT	0.38196
GATCAA	0.950915
GATCAC	0.892792
GATCAG	0.625262
GATCAT	1.25626
GATCCA	1.13167
GATCCC	3.10504
GATCCG	0.751344
GATCCT	2.91097
GATCGA	0
GATCGC	0.221573
GATCGG	0
GATCGT	2.09858
GATCTA	0.570551
GATCTC	0.410283
GATCTG	0.111056
GATCTT	1.7617
GATGAA	0.245399
GATGAC	0.32956
GATGAG	0.430603
GATGAT	0.40215
GATGCA	1.34688
GATGCC	1.49245
GATGCG	0.524645
GATGCT	0.764988
GATGGA	0.816896
GATGGC	0.908337
GATGGG	0.782064
GATGGT	1.24862
GATGTA	0.248065
GATGTC	0
GATGTG	0.400387
GATGTT	0.627407
GATTAA	0.710414
GATTAC	0.648969
GATTAG	0.254994
GATTAT	1.05658
GATTCA	0.302279
GATTCC	0.459889
GATTCG	0
GATTCT	0.198885
GATTGA	1.55606
GATTGC	0.902058
GATTGG	0.494339
GATTGT	1.1043
GATTTA	0.309451
GATTTC	0.117337
GATTTG	0.248742
GATTTT	0.167809
GCAAAA	1.71523
GCAAAC	1.71318
GCAAAG	0.890223
GCAAAT	0.618484
GCAACA	1.56494
GCAACC	1.97946
GCAACG	0.925218
GCAACT	2.03617
GCAAGA	1.50711
GCAAGC	1.26152
GCAAGG	1.26321
GCAAGT	1.40877
GCAATA	0.744194
GCAATC	0.80077
GCAATG	0.324869
GCAATT	0.170313
GCACAA	3.68713
GCACAC	2.72502
GCACAG	1.97114
GCACAT	2.91655
GCACCA	4.64481
GCACCC	5.29413
GCACCG	2.77031
GCACCT	4.98634
GCACGA	1.34247
GCACGC	3.24924
GCACGG	1.38315
GCACGT	3.70087
GCACTA	1.59224
GCACTC	0.522643
GCACTG	1.56878
GCACTT	2.16956
GCAGAA	2.02397
GCAGAC	1.34247
GCAGAG	0.739508
GCAGAT	1.07146
GCAGCA	2.05021
GCAGCC	2.3725
GCAGCG	0.975942
GCAGCT	2.16884
GCAGGA	1.75397
GCAGGC	1.4019
GCAGGG	1.54507
GCAGGT	1.0286
GCAGTA	0.659118
GCAGTC	0.688104
GCAGTG	0.441242
GCAGTT	1.27083
GCATAA	3.17918
GCATAC	2.78742
GCATAG	2.41823
GCATAT	1.05535
GCATCA	1.99789
GCATCC	1.71837
GCATCG	1.03737
GCATCT	2.09478
GCATGA	2.98761
GCATGC	2.45986
GCATGG	1.54123
GCATGT	2.56248
GCATTA	0.488172
GCATTC	0.375157
GCATTG	0.568183
GCATTT	0.891486
GCCAAA	0.816692
GCCAAC	0.215811
GCCAAG	0.306748
GCCAAT	0.161858
GCCACA	0.666878
GCCACC	0.80828
GCCACG	0
GCCACT	1.52875
GCCAGA	0.468744
GCCAGC	0.344808
GCCAGG	0.246281
GCCAGT	0.960929
GCCATA	0.280025
GCCATC	0
GCCATG	0.118865
GCCATT	0.511417
GCCCAA	2.88383
GCCCAC	1.19644
GCCCAG	0.941947
GCCCAT	2.35279
GCCCCA	3.06683
GCCCCC	2.6394
GCCCCG	1.63964
GCCCCT	1.72552
GCCCGA	1.61572
GCCCGC	1.21795
GCCCGG	1.14454
GCCCGT	2.17352
GCCCTA	0.289804
GCCCTC	0.866371
GCCCTG	0.714252
GCCCTT	0.737276
GCCGAA	0
GCCGAC	2.57877
GCCGAG	0.344224
GCCGAT	0
GCCGCA	0.715052
GCCGCC	0.809123
GCCGCG	0.414193
GCCGCT	0.87965
GCCGGA	1.03736
GCCGGC	0.496133
GCCGGG	0.328374
GCCGGT	1.29882
GCCGTA	0.411208
GCCGTC	0.159594
GCCGTG	0.504353
GCCGTT	0.298327
GCCTAA	1.01432
GCCTAC	1.07651
GCCTAG	1.41035
GCCTAT	2.06301
GCCTCA	0.593481
GCCTCC	0.576446
GCCTCG	0.163892
GCCTCT	0.828121
GCCTGA	1.41014
GCCTGC	1.12753
GCCTGG	1.25153
GCCTGT	1.70132
GCCTTA	0.492564
GCCTTC	0.419854
GCCTTG	0.220858
GCCTTT	0.510399
GCGAAA	0.326029
GCGAAC	0.418753
GCGAAG	0.770361
GCGAAT	0
GCGACA	1.61572
GCGACC	1.34248
GCGACG	0
GCGACT	1.48195
GCGAGA	0.668775
GCGAGC	0.159594
GCGAGG	0.608589
GCGAGT	0.501584
GCGATA	0
GCGATC	0.458736
GCGATG	0
GCGATT	0
GCGCAA	1.76915
GCGCAC	0.436091
GCGCAG	0.562517
GCGCAT	1.86848
GCGCCA	1.2625
GCGCCC	1.86726
GCGCCG	1.19853
GCGCCT	2.0303
GCGCGA	1.51426
GCGCGC	0.992261
GCGCGG	0.849552
GCGCGT	1.78123
GCGCTA	0.760735
GCGCTC	0.311919
GCGCTG	0.576859
GCGCTT	0.905639
GCGGAA	0.590225
GCGGAC	1.29882
GCGGAG	0.404527
GCGGAT	0.654395
GCGGCA	1.01998
GCGGCC	1.07199
GCGGCG	0.497033
GCGGCT	1.72413
GCGGGA	1.02188
GCGGGC	0.497936
GCGGGG	0.511213
GCGGGT	0.319189
GCGGTA	0
GCGGTC	0
GCGGTG	0.0931511
GCGGTT	0.563507
GCGTAA	4.47492
GCGTAC	0.773629
GCGTAG	0.837506
GCGTAT	2.97678
GCGTCA	0.556635
GCGTCC	0.736198
GCGTCG	0.671237
GCGTCT	0.98868
GCGTGA	1.00042
GCGTGC	1.53856
GCGTGG	1.12702
GCGTGT	1.2679
GCGTTA	0.496132
GCGTTC	0.250792
GCGTTG	0.30029
GCGTTT	0.62813
GCTAAA	0.864469
GCTAAC	1.4414
GCTAAG	1.12503
GCTAAT	0.852024
GCTACA	2.37112
GCTACC	1.36543
GCTACG	0.475459
GCTACT	0.702219
GCTAGA	1.30412
GCTAGC	1.06149
GCTAGG	0.124033
GCTAGT	0.840076
GCTATA	0.39012
GCTATC	0
GCTATG	0
GCTATT	0.184049
GCTCAA	1.81127
GCTCAC	2.27299
GCTCAG	2.82796
GCTCAT	1.82576
GCTCCA	4.94383
GCTCCC	6.88034
GCTCCG	2.16209
GCTCCT	4.87417
GCTCGA	2.94478
GCTCGC	2.11164
GCTCGG	1.72459
GCTCGT	2.53578
GCTCTA	2.85277
GCTCTC	1.27577
GCTCTG	1.25218
GCTCTT	1.15974
GCTGAA	0.879308
GCTGAC	0.828009
GCTGAG	0.95351
GCTGAT	0.598611
GCTGCA	1.84976
GCTGCC	2.37937
GCTGCG	0.899389
GCTGCT	1.7401
GCTGGA	1.54725
GCTGGC	1.84912
GCTGGG	1.11051
GCTGGT	1.44007
GCTGTA	0.575949
GCTGTC	0.571574
GCTGTG	0.530129
GCTGTT	1.06355
GCTTAA	2.47239
GCTTAC	0.926779
GCTTAG	1.01432
GCTTAT	2.16322
GCTTCA	1.98452
GCTTCC	1.9981
GCTTCG	1.1298
GCTTCT	2.09936
GCTTGA	2.72816
GCTTGC	2.78998
GCTTGG	1.15641
GCTTGT	3.55999
GCTTTA	0.845263
GCTTTC	0.424202
GCTTTG	1.07038
GCTTTT	0.444586
GGAAAA	0.514959
GGAAAC	0.471369
GGAAAG	0.394759
GGAAAT	0.0896739
GGAACA	0.831572
GGAACC	0.822415
GGAACG	0.184794
GGAACT	0.762551
GGAAGA	0.775505
GGAAGC	0.344051
GGAAGG	0.450064
GGAAGT	0.200194
GGAATA	0.309451
GGAATC	0.109722
GGAATG	0.074218
GGAATT	0.542308
GGACAA	1.44902
GGACAC	1.28575
GGACAG	1.53381
GGACAT	2.34825
GGACCA	2.85937
GGACCC	3.78334
GGACCG	0.163599
GGACCT	3.41618
GGACGA	2.98178
GGACGC	1.92067
GGACGG	0.77929
GGACGT	2.78034
GGACTA	0.363697
GGACTC	0.695528
GGACTG	1.03568
GGACTT	0.726158
GGAGAA	0.629573
GGAGAC	0.689678
GGAGAG	0.393793
GGAGAT	0.534892
GGAGCA	0.792219
GGAGCC	1.41799
GGAGCG	0.999503
GGAGCT	1.68485
GGAGGA	0.901528
GGAGGC	0.922622
GGAGGG	0.57234
GGAGGT	1.01077
GGAGTA	0
GGAGTC	0
GGAGTG	0.173993
GGAGTT	0.699824
GGATAA	0.871071
GGATAC	1.09986
GGATAG	0.420684
GGATAT	0.705839
GGATCA	0.729475
GGATCC	0.937252
GGATCG	0
GGATCT	0.894981
GGATGA	2.29313
GGATGC	1.13851
GGATGG	0.851324
GGATGT	1.7002
GGATTA	0.641585
GGATTC	0.589717
GGATTG	0.454925
GGATTT	0.556637
GGCAAA	0.470558
GGCAAC	0.796117
GGCAAG	0.608589
GGCAAT	0
GGCACA	0.737384
GGCACC	0.915699
GGCACG	0.127142
GGCACT	0.444874
GGCAGA	0.442192
GGCAGC	0.438503
GGCAGG	0.40393
GGCAGT	0.707051
GGCATA	0.509989
GGCATC	0.215302
GGCATG	0
GGCATT	0.242144
GGCCAA	0.761889
GGCCAC	0.606163
GGCCAG	0.265565
GGCCAT	0.994967
GGCCCA	1.70496
GGCCCC	1.98304
GGCCCG	0.269286
GGCCCT	1.86683
GGCCGA	0.86849
GGCCGC	0.500971
GGCCGG	0.684172
GGCCGT	0.903844
GGCCTA	0.345788
GGCCTC	0.192105
GGCCTG	0.851171
GGCCTT	0.732971
GGCGAA	0.456441
GGCGAC	0.316973
GGCGAG	0
GGCGAT	0
GGCGCA	0.225403
GGCGCC	0.541234
GGCGCG	0.138736
GGCGCT	0.958179
GGCGGA	0.0722216
GGCGGC	0.25386
GGCGGG	0.302479
GGCGGT	0.150145
GGCGTA	0
GGCGTC	0
GGCGTG	0.207473
GGCGTT	0
GGCTAA	0.576314
GGCTAC	0.611303
GGCTAG	0.77891
GGCTAT	0.260822
GGCTCA	0.520836
GGCTCC	0.415702
GGCTCG	0.263078
GGCTCT	0.682822
GGCTGA	1.124
GGCTGC	0.660445
GGCTGG	0.424015
GGCTGT	0.447493
GGCTTA	0.378789
GGCTTC	0.398639
GGCTTG	0.148678
GGCTTT	0.377224
GGGAAA	0.497754
GGGAAC	0.405365
GGGAAG	0.219443
GGGAAT	0.0842142
GGGACA	0.316973
GGGACC	0.617646
GGGACG	0.314787
GGGACT	0.631994
GGGAGA	0.385183
GGGAGC	0.467491
GGGAGG	0.220325
GGGAGT	0.362255
GGGATA	0.35383
GGGATC	0.0983708
GGGATG	0.0650201
GGGATT	0.0675208
GGGCAA	0.763918
GGGCAC	0.74604
GGGCAG	0.674254
GGGCAT	0.853158
GGGCCA	1.65415
GGGCCC	1.48882
GGGCCG	0.864471
GGGCCT	1.32174
GGGCGA	0.815074
GGGCGC	0.468946
GGGCGG	0.539369
GGGCGT	1.0076
GGGCTA	0.829893
GGGCTC	0.386814
GGGCTG	0.424033
GGGCTT	0.412447
GGGGAA	0.421167
GGGGAC	0.341477
GGGGAG	0.169471
GGGGAT	0.263331
GGGGCA	0.81145
GGGGCC	0.865783
GGGGCG	0.297218
GGGGCT	0.753824
GGGGGA	0.461517
GGGGGC	0.316972
GGGGGG	0.162242
GGGGGT	0.515428
GGGGTA	0.287975
GGGGTC	0.193955
GGGGTG	0.122261
GGGGTT	0.343189
GGGTAA	0.390122
GGGTAC	0.472994
GGGTAG	0.258606
GGGTAT	1.58303
GGGTCA	0.446616
GGGTCC	0.317855
GGGTCG	0.318078
GGGTCT	0.470558
GGGTGA	0.739775
GGGTGC	0.841363
GGGTGG	0.714203
GGGTGT	1.00133
GGGTTA	0.91288
GGGTTC	0
GGGTTG	0.30095
GGGTTT	0
GGTAAA	0.32956
GGTAAC	0.223746
GGTAAG	0.172242
GGTAAT	0.908337
GGTACA	1.04688
GGTACC	1.22043
GGTACG	0
GGTACT	0.488172
GGTAGA	0.815073
GGTAGC	0.648966
GGTAGG	0.785037
GGTAGT	0.298327
GGTATA	0
GGTATC	0
GGTATG	0
GGTATT	0.62813
GGTCAA	2.10664
GGTCAC	1.38916
GGTCAG	1.652
GGTCAT	0.995873
GGTCCA	3.78512
GGTCCC	5.2714
GGTCCG	1.87836
GGTCCT	3.73846
GGTCGA	0
GGTCGC	1.23363
GGTCGG	0.160155
GGTCGT	1.03737
GGTCTA	0.629574
GGTCTC	0.552424
GGTCTG	0.335617
GGTCTT	0.976342
GGTGAA	0.509991
GGTGAC	0.841365
GGTGAG	0.292966
GGTGAT	0.392355
GGTGCA	2.21183
GGTGCC	2.48066
GGTGCG	0.114972
GGTGCT	1.37657
GGTGGA	0.901612
GGTGGC	0.903372
GGTGGG	0.512496
GGTGGT	1.08461
GGTGTA	0.800774
GGTGTC	0.542092
GGTGTG	0.474753
GGTGTT	0.852024
GGTTAA	1.00317
GGTTAC	0.553262
GGTTAG	0.62526
GGTTAT	0.917469
GGTTCA	0.400387
GGTTCC	0.583933
GGTTCG	0.713189
GGTTCT	0.853158
GGTTGA	2.52499
GGTTGC	1.2874
GGTTGG	0.723074
GGTTGT	1.36761
GGTTTA	0.503427
GGTTTC	0.0828387
GGTTTG	0.107146
GGTTTT	0.501584
GTAAAA	1.07146
GTAAAC	1.88754
GTAAAG	0.745819
GTAAAT	0.545002
GTAACA	1.51515
GTAACC	3.24247
GTAACG	0
GTAACT	1.81769
GTAAGA	1.38917
GTAAGC	0.997682
GTAAGG	1.09546
GTAAGT	1.41168
GTAATA	0.249421
GTAATC	0.507156
GTAATG	0.507154
GTAATT	0.52016
GTACAA	2.21573
GTACAC	2.04376
GTACAG	1.65377
GTACAT	3.75552
GTACCA	3.75892
GTACCC	4.31769
GTACCG	0
GTACCT	3.94997
GTACGA	0
GTACGC	1.72242
GTACGG	0.570551
GTACGT	4.56441
GTACTA	2.28221
GTACTC	1.77834
GTACTG	0.811451
GTACTT	2.42358
GTAGAA	2.40233
GTAGAC	2.18842
GTAGAG	1.29486
GTAGAT	1.07398
GTAGCA	1.45894
GTAGCC	3.57215
GTAGCG	1.55605
GTAGCT	2.36305
GTAGGA	1.86302
GTAGGC	2.00193
GTAGGG	0.856594
GTAGGT	1.40135
GTAGTA	0.661508
GTAGTC	0.882013
GTAGTG	1.38316
GTAGTT	0.63987
GTATAA	1.13401
GTATAC	2.62323
GTATAG	0.931511
GTATAT	2.25402
GTATCA	0.60058
GTATCC	1.11327
GTATCG	0
GTATCT	1.87578
GTATGA	2.02221
GTATGC	2.46724
GTATGG	1.43761
GTATGT	3.91895
GTATTA	0.536989
GTATTC	0
GTATTG	0.581453
GTATTT	1.0213
GTCAAA	0.967723
GTCAAC	0.756534
GTCAAG	0.691574
GTCAAT	0.530745
GTCACA	0.545982
GTCACC	1.97549
GTCACG	0.563507
GTCACT	1.6641
GTCAGA	1.12424
GTCAGC	0.644389
GTCAGG	0.698311
GTCAGT	0.934693
GTCATA	0
GTCATC	0.547728
GTCATG	0.184794
GTCATT	0.154203
GTCCAA	0.815073
GTCCAC	1.60961
GTCCAG	0.646517
GTCCAT	1.07398
GTCCCA	3.15733
GTCCCC	2.67184
GTCCCG	1.58959
GTCCCT	2.7778
GTCCGA	1.87579
GTCCGC	1.88611
GTCCGG	0.468947
GTCCGT	1.61858
GTCCTA	1.68273
GTCCTC	1.38548
GTCCTG	0.805822
GTCCTT	1.32746
GTCGAA	1.1411
GTCGAC	1.90184
GTCGAG	0.696857
GTCGAT	1.49653
GTCGCA	0.343189
GTCGCC	1.40204
GTCGCG	0.338105
GTCGCT	1.10652
GTCGGA	0.671237
GTCGGC	0.695086
GTCGGG	0.647431
GTCGGT	0.773628
GTCGTA	0.760735
GTCGTC	0
GTCGTG	0.691577
GTCGTT	0.780241
GTCTAA	0.829893
GTCTAC	1.33267
GTCTAG	1.55101
GTCTAT	0
GTCTCA	0.641585
GTCTCC	1.09289
GTCTCG	0.42394
GTCTCT	0.593637
GTCTGA	1.59081
GTCTGC	1.5335
GTCTGG	1.55101
GTCTGT	1.9138
GTCTTA	0
GTCTTC	0.110251
GTCTTG	0.806842
GTCTTT	0.305653
GTGAAA	0.903841
GTGAAC	1.03401
GTGAAG	0.392637
GTGAAT	0.163015
GTGACA	1.12701
GTGACC	1.25714
GTGACG	0.359402
GTGACT	1.38316
GTGAGA	0.70688
GTGAGC	0.334798
GTGAGG	0.125052
GTGAGT	0.917469
GTGATA	0.266925
GTGATC	0.249421
GTGATG	0
GTGATT	0.135042
GTGCAA	1.36251
GTGCAC	2.15642
GTGCAG	0.954648
GTGCAT	1.01057
GTGCCA	1.96671
GTGCCC	2.46724
GTGCCG	1.30412
GTGCCT	2.48304
GTGCGA	1.44902
GTGCGC	1.37851
GTGCGG	1.22043
GTGCGT	1.6975
GTGCTA	0.428583
GTGCTC	0.681255
GTGCTG	1.01004
GTGCTT	1.46228
GTGGAA	0.835973
GTGGAC	0.486869
GTGGAG	0.592082
GTGGAT	0.726433
GTGGCA	1.09047
GTGGCC	1.75322
GTGGCG	1.07976
GTGGCT	1.80649
GTGGGA	0.973452
GTGGGC	0.876567
GTGGGG	0.476523
GTGGGT	1.17251
GTGGTA	0.49613
GTGGTC	0
GTGGTG	0.318744
GTGGTT	0.530743
GTGTAA	1.69052
GTGTAC	1.44903
GTGTAG	1.78996
GTGTAT	1.1507
GTGTCA	1.56494
GTGTCC	0.99587
GTGTCG	1.04529
GTGTCT	1.35042
GTGTGA	0.839431
GTGTGC	1.62724
GTGTGG	1.55204
GTGTGT	1.9946
GTGTTA	0.619605
GTGTTC	0.133073
GTGTTG	0.263839
GTGTTT	0.515752
GTTAAA	1.33534
GTTAAC	1.02341
GTTAAG	1.19592
GTTAAT	1.24625
GTTACA	2.20212
GTTACC	2.40232
GTTACG	0.800773
GTTACT	1.71165
GTTAGA	0.493451
GTTAGC	0.882013
GTTAGG	1.58762
GTTAGT	1.1411
GTTATA	0
GTTATC	0.527677
GTTATG	0
GTTATT	0.153168
GTTCAA	2.49421
GTTCAC	1.69053
GTTCAG	2.17871
GTTCAT	1.93855
GTTCCA	4.07884
GTTCCC	5.27912
GTTCCG	2.43435
GTTCCT	3.94332
GTTCGA	1.87579
GTTCGC	3.01778
GTTCGG	0.931513
GTTCGT	2.9259
GTTCTA	1.20645
GTTCTC	1.07651
GTTCTG	1.22652
GTTCTT	1.81218
GTTGAA	1.30947
GTTGAC	1.58172
GTTGAG	0.654395
GTTGAT	1.07398
GTTGCA	2.09858
GTTGCC	2.44741
GTTGCG	0
GTTGCT	1.37558
GTTGGA	1.90183
GTTGGC	1.97946
GTTGGG	1.24938
GTTGGT	1.86302
GTTGTA	1.0315
GTTGTC	0.577772
GTTGTG	0.883437
GTTGTT	0.786966
GTTTAA	2.96872
GTTTAC	2.49501
GTTTAG	2.48645
GTTTAT	1.73175
GTTTCA	1.03345
GTTTCC	1.35655
GTTTCG	0.647434
GTTTCT	1.58887
GTTTGA	3.78117
GTTTGC	3.33356
GTTTGG	1.38916
GTTTGT	2.29598
GTTTTA	0.590225
GTTTTC	0.151641
GTTTTG	0.173552
GTTTTT	0.487519
TAAAAA	0.648584
TAAAAC	0.609944
TAAAAG	0.584112
TAAAAT	0.524644
TAAACA	0.900278
TAAACC	0.767129
TAAACG	1.57393
TAAACT	1.15717
TAAAGA	0.859183
TAAAGC	1.27576
TAAAGG	0.987493
TAAAGT	0.251483
TAAATA	0.76842
TAAATC	0.430606
TAAATG	0.414946
TAAATT	0
TAACAA	1.79266
TAACAC	1.16044
TAACAG	1.43044
TAACAT	0.786965
TAACCA	3.62256
TAACCC	4.94339
TAACCG	2.56427
TAACCT	3.22394
TAACGA	3.86815
TAACGC	0.59278
TAACGG	2.9259
TAACGT	4.75459
TAACTA	1.80514
TAACTC	1.09109
TAACTG	1.29999
TAACTT	1.99118
TAAGAA	0.984235
TAAGAC	0.498842
TAAGAG	0.548277
TAAGAT	1.09722
TAAGCA	2.38662
TAAGCC	1.30412
TAAGCG	0
TAAGCT	1.29793
TAAGGA	1.08676
TAAGGC	2.09057
TAAGGG	1.12354
TAAGGT	1.93772
TAAGTA	0.196742
TAAGTC	0.713188
TAAGTG	0.310504
TAAGTT	0.222654
TAATAA	1.57394
TAATAC	0.815073
TAATAG	0.967035
TAATAT	0.832923
TAATCA	0.832923
TAATCC	1.01057
TAATCG	0.971152
TAATCT	0.851567
TAATGA	2.79453
TAATGC	1.63014
TAATGG	2.46121
TAATGT	1.86302
TAATTA	0.812999
TAATTC	0.283503
TAATTG	0.673712
TAATTT	0.523891
TACAAA	0.464178
TACAAC	0.241504
TACAAG	0.177604
TACAAT	0.177604
TACACA	0.235887
TACACC	0.926779
TACACG	0.411208
TACACT	0.633948
TACAGA	0.215811
TACAGC	0.588956
TACAGG	0.208421
TACAGT	0.149653
TACATA	0.400386
TACATC	0.280025
TACATG	0
TACATT	0.42658
TACCAA	1.60154
TACCAC	0.222654
TACCAG	1.09797
TACCAT	0.769282
TACCCA	0.494339
TACCCC	1.62531
TACCCG	0.35383
TACCCT	1.55604
TACCGA	2.13957
TACCGC	0.447491
TACCGG	0
TACCGT	1.23362
TACCTA	0
TACCTC	1.22888
TACCTG	0.713189
TACCTT	0.51094
TACGAA	0.633946
TACGAC	0.800773
TACGAG	0
TACGAT	0.681256
TACGCA	0.616811
TACGCC	1.06149
TACGCG	1.08676
TACGCT	0.829893
TACGGA	0
TACGGC	0
TACGGG	0
TACGGT	0.58518
TACGTA	0.642875
TACGTC	0
TACGTG	0
TACGTT	1.02571
TACTAA	0.689486
TACTAC	0.671237
TACTAG	0.925218
TACTAT	1.33462
TACTCA	0.514784
TACTCC	0.454925
TACTCG	0
TACTCT	0.767129
TACTGA	0.678723
TACTGC	1.82576
TACTGG	0.851567
TACTGT	0.492564
TACTTA	0.407535
TACTTC	0.369589
TACTTG	0.773627
TACTTT	0.222654
TAGAAA	0.271691
TAGAAC	1.02341
TAGAAG	0.155782
TAGAAT	0.340627
TAGACA	0.545545
TAGACC	0.533849
TAGACG	0
TAGACT	1.50475
TAGAGA	0.467665
TAGAGC	0.999509
TAGAGG	0.568772
TAGAGT	0.200193
TAGATA	0.527677
TAGATC	0.323717
TAGATG	0.217352
TAGATT	0
TAGCAA	0.767129
TAGCAC	0.837505
TAGCAG	0.995355
TAGCAT	1.36659
TAGCCA	1.89575
TAGCCC	1.99174
TAGCCG	1.20116
TAGCCT	3.04294
TAGCGA	0.713189
TAGCGC	0
TAGCGG	0.340627
TAGCGT	1.04929
TAGCTA	0.60058
TAGCTC	0.333169
TAGCTG	1.22417
TAGCTT	0.603226
TAGGAA	0
TAGGAC	0
TAGGAG	0.441005
TAGGAT	0.176915
TAGGCA	1.09986
TAGGCC	0.978089
TAGGCG	0.90087
TAGGCT	1.21486
TAGGGA	0.453043
TAGGGC	0.922105
TAGGGG	0.602164
TAGGGT	0.368098
TAGGTA	0.263839
TAGGTC	0
TAGGTG	0.304293
TAGGTT	0.209377
TAGTAA	1.32028
TAGTAC	1.29181
TAGTAG	0.857973
TAGTAT	0.964311
TAGTCA	0.498842
TAGTCC	0
TAGTCG	0
TAGTCT	0.769282
TAGTGA	1.21718
TAGTGC	0.796118
TAGTGG	1.35962
TAGTGT	2.23746
TAGTTA	0.480465
TAGTTC	0
TAGTTG	0.253577
TAGTTT	0.681254
TATAAA	0.674543
TATAAC	0
TATAAG	0.263839
TATAAT	0.174214
TATACA	0.661511
TATACC	0.414946
TATACG	0.861209
TATACT	0
TATAGA	0.29259
TATAGC	0.465756
TATAGG	0.612672
TATAGT	0
TATATA	0.377225
TATATC	0
TATATG	0.263839
TATATT	0.385725
TATCAA	1.01431
TATCAC	2.51043
TATCAG	1.4724
TATCAT	1.96018
TATCCA	4.79456
TATCCC	5.05285
TATCCG	0.633946
TATCCT	4.82156
TATCGA	4.80462
TATCGC	2.40232
TATCGG	0
TATCGT	3.74132
TATCTA	1.90184
TATCTC	1.25791
TATCTG	1.47715
TATCTT	0.743389
TATGAA	1.28835
TATGAC	0.625261
TATGAG	0.769282
TATGAT	0.805484
TATGCA	1.89307
TATGCC	1.69053
TATGCG	0
TATGCT	1.67282
TATGGA	0.570551
TATGGC	1.69052
TATGGG	0.477949
TATGGT	1.40443
TATGTA	0
TATGTC	0.294478
TATGTG	0.678723
TATGTT	0.473814
TATTAA	1.41433
TATTAC	1.58172
TATTAG	0.778028
TATTAT	1.35443
TATTCA	1.12901
TATTCC	0.443145
TATTCG	2.01371
TATTCT	0.959488
TATTGA	1.95617
TATTGC	3.58998
TATTGG	0.945986
TATTGT	1.42638
TATTTA	0.394845
TATTTC	0.200633
TATTTG	0.501583
TATTTT	0.360822
TCAAAA	0.902354
TCAAAC	1.49876
TCAAAG	1.48195
TCAAAT	0.603758
TCAACA	2.37294
TCAACC	1.91636
TCAACG	1.36932
TCAACT	0.867758
TCAAGA	1.89199
TCAAGC	1.92185
TCAAGG	1.45562
TCAAGT	1.19417
TCAATA	0.886289
TCAATC	0.432644
TCAATG	0.195061
TCAATT	0.616812
TCACAA	2.99683
TCACAC	3.35002
TCACAG	1.94822
TCACAT	2.20859
TCACCA	5.07156
TCACCC	6.52058
TCACCG	1.55252
TCACCT	5.89661
TCACGA	3.98237
TCACGC	3.00479
TCACGG	2.92591
TCACGT	2.78935
TCACTA	2.81218
TCACTC	1.64048
TCACTG	1.84871
TCACTT	2.22203
TCAGAA	1.80071
TCAGAC	1.92693
TCAGAG	0.993703
TCAGAT	0.374131
TCAGCA	1.16637
TCAGCC	2.20385
TCAGCG	0.302279
TCAGCT	1.43535
TCAGGA	1.76402
TCAGGC	1.91837
TCAGGG	0.773629
TCAGGT	1.33407
TCAGTA	1.27675
TCAGTC	0.126088
TCAGTG	1.12381
TCAGTT	1.03501
TCATAA	1.52784
TCATAC	3.15777
TCATAG	0.800774
TCATAT	2.66751
TCATCA	2.18741
TCATCC	1.85634
TCATCG	0.837506
TCATCT	1.78607
TCATGA	3.11626
TCATGC	2.59177
TCATGG	2.87975
TCATGT	3.13585
TCATTA	0.971153
TCATTC	0.591501
TCATTG	0.447492
TCATTT	0.88917
TCCAAA	0.307885
TCCAAC	0
TCCAAG	0.312096
TCCAAT	0.368098
TCCACA	0.560542
TCCACC	1.18249
TCCACG	0.307368
TCCACT	0.249421
TCCAGA	0.358932
TCCAGC	0.258712
TCCAGG	0.490796
TCCAGT	0.0826885
TCCATA	0
TCCATC	0
TCCATG	0.219443
TCCATT	0.567009
TCCCAA	2.05006
TCCCAC	1.58335
TCCCAG	1.15317
TCCCAT	1.24565
TCCCCA	2.8127
TCCCCC	3.22737
TCCCCG	1.4891
TCCCCT	2.75241
TCCCGA	1.90714
TCCCGC	1.1392
TCCCGG	0.88572
TCCCGT	2.13957
TCCCTA	1.25915
TCCCTC	0.643407
TCCCTG	0.730584
TCCCTT	1.08813
TCCGAA	0.752376
TCCGAC	0
TCCGAG	0.42658
TCCGAT	0
TCCGCA	0.534893
TCCGCC	1.00232
TCCGCG	0.526661
TCCGCT	0.696855
TCCGGA	1.2635
TCCGGC	0.372099
TCCGGG	0.281176
TCCGGT	1.11327
TCCGTA	0
TCCGTC	0.176232
TCCGTG	0.141313
TCCGTT	1.22534
TCCTAA	0.789236
TCCTAC	1.7617
TCCTAG	0.76621
TCCTAT	0.962953
TCCTCA	1.0501
TCCTCC	0.916956
TCCTCG	0.681254
TCCTCT	0.984378
TCCTGA	1.82576
TCCTGC	1.29403
TCCTGG	1.29053
TCCTGT	1.58696
TCCTTA	0.705837
TCCTTC	0.218654
TCCTTG	0.371694
TCCTTT	0.276631
TCGAAA	0
TCGAAC	0.671237
TCGAAG	0.59278
TCGAAT	0
TCGACA	0.652058
TCGACC	0.845261
TCGACG	0.950919
TCGACT	1.59223
TCGAGA	1.27379
TCGAGC	1.20116
TCGAGG	0.570551
TCGAGT	1.38316
TCGATA	0.950919
TCGATC	0.470558
TCGATG	0
TCGATT	0.563507
TCGCAA	0.507156
TCGCAC	0.950919
TCGCAG	1.35385
TCGCAT	0.903843
TCGCCA	2.4129
TCGCCC	3.20503
TCGCCG	1.5896
TCGCCT	2.39392
TCGCGA	1.36251
TCGCGC	0.80786
TCGCGG	1.31919
TCGCGT	1.44139
TCGCTA	0
TCGCTC	0.659118
TCGCTG	0.616812
TCGCTT	0.683805
TCGGAA	0.57414
TCGGAC	0.588956
TCGGAG	0.602561
TCGGAT	0
TCGGCA	0.581453
TCGGCC	0.893034
TCGGCG	0.764983
TCGGCT	1.42193
TCGGGA	0.395758
TCGGGC	0.621006
TCGGGG	0.454168
TCGGGT	0.521645
TCGGTA	0.549929
TCGGTC	0
TCGGTG	0
TCGGTT	0.330754
TCGTAA	1.73332
TCGTAC	0.971152
TCGTAG	2.9259
TCGTAT	1.44902
TCGTCA	1.60154
TCGTCC	0.241504
TCGTCG	2.17353
TCGTCT	1.63991
TCGTGA	0.616812
TCGTGC	1.45363
TCGTGG	0.903838
TCGTGT	1.82576
TCGTTA	0.530745
TCGTTC	0
TCGTTG	0.438886
TCGTTT	0.259343
TCTAAA	0.99708
TCTAAC	1.35576
TCTAAG	0.960929
TCTAAT	0.522643
TCTACA	0.98868
TCTACC	2.10897
TCTACG	1.25052
TCTACT	0.963461
TCTAGA	1.53856
TCTAGC	0.603226
TCTAGG	1.33854
TCTAGT	1.70632
TCTATA	0.540167
TCTATC	0.475459
TCTATG	0.752376
TCTATT	0.604557
TCTCAA	3.51109
TCTCAC	3.58774
TCTCAG	2.81753
TCTCAT	1.96443
TCTCCA	6.03429
TCTCCC	5.66304
TCTCCG	2.60824
TCTCCT	5.10788
TCTCGA	2.75986
TCTCGC	3.13082
TCTCGG	2.11006
TCTCGT	5.143
TCTCTA	1.35577
TCTCTC	1.05217
TCTCTG	1.43878
TCTCTT	1.9707
TCTGAA	0.853886
TCTGAC	1.92862
TCTGAG	0.640169
TCTGAT	0.623552
TCTGCA	2.2822
TCTGCC	2.47862
TCTGCG	0.793813
TCTGCT	2.45398
TCTGGA	1.97647
TCTGGC	1.26966
TCTGGG	1.19666
TCTGGT	1.77259
TCTGTA	0.689835
TCTGTC	0.631316
TCTGTG	0.389566
TCTGTT	0.960926
TCTTAA	1.36251
TCTTAC	2.37112
TCTTAG	1.79316
TCTTAT	1.95061
TCTTCA	1.46129
TCTTCC	2.48403
TCTTCG	1.00871
TCTTCT	2.26803
TCTTGA	2.91842
TCTTGC	2.60526
TCTTGG	3.32508
TCTTGT	3.09048
TCTTTA	1.06895
TCTTTC	0.249081
TCTTTG	0.48386
TCTTTT	0.490796
TGAAAA	0.886292
TGAAAC	0.181849
TGAAAG	0.427379
TGAAAT	0.152401
TGAACA	1.03736
TGAACC	1.22345
TGAACG	0.304294
TGAACT	1.01431
TGAAGA	1.0331
TGAAGC	0.209377
TGAAGG	0.457967
TGAAGT	0.551257
TGAATA	0.154725
TGAATC	0.153684
TGAATG	0.298979
TGAATT	0.112701
TGACAA	1.75554
TGACAC	1.02407
TGACAG	1.69952
TGACAT	0.771017
TGACCA	3.3092
TGACCC	3.1767
TGACCG	1.0315
TGACCT	3.0722
TGACGA	1.86302
TGACGC	0.86121
TGACGG	0.633946
TGACGT	2.48968
TGACTA	0.709491
TGACTC	0.950915
TGACTG	0.732819
TGACTT	1.58232
TGAGAA	0.945989
TGAGAC	0.547729
TGAGAG	0.622065
TGAGAT	0.116737
TGAGCA	1.20116
TGAGCC	1.00264
TGAGCG	0.327198
TGAGCT	0.632846
TGAGGA	1.33216
TGAGGC	0.418752
TGAGGG	1.08134
TGAGGT	1.0828
TGAGTA	0.696855
TGAGTC	0.515752
TGAGTG	0.385182
TGAGTT	0.249421
TGATAA	1.30412
TGATAC	1.53168
TGATAG	1.82576
TGATAT	1.35846
TGATCA	1.47239
TGATCC	1.10518
TGATCG	1.06149
TGATCT	0.945294
TGATGA	1.38315
TGATGC	1.21026
TGATGG	1.15263
TGATGT	1.78678
TGATTA	0.372605
TGATTC	0.827385
TGATTG	0.335618
TGATTT	0.454623
TGCAAA	0.5961
TGCAAC	0.370087
TGCAAG	0.430603
TGCAAT	0.141313
TGCACA	0.986414
TGCACC	0.816692
TGCACG	0.380368
TGCACT	0.778024
TGCAGA	0.513575
TGCAGC	0.157032
TGCAGG	0.187642
TGCAGT	0.368098
TGCATA	0.195897
TGCATC	0.572339
TGCATG	0.279169
TGCATT	0.330754
TGCCAA	1.35042
TGCCAC	0.978086
TGCCAG	1.5076
TGCCAT	1.37182
TGCCCA	2.90254
TGCCCC	2.58179
TGCCCG	1.70455
TGCCCT	2.35053
TGCCGA	1.81368
TGCCGC	1.4301
TGCCGG	0.933893
TGCCGT	0.728361
TGCCTA	1.15764
TGCCTC	0.617453
TGCCTG	1.34743
TGCCTT	1.42215
TGCGAA	0
TGCGAC	0.418753
TGCGAG	0.190184
TGCGAT	0
TGCGCA	0.409364
TGCGCC	0.713191
TGCGCG	0.377223
TGCGCT	1.23362
TGCGGA	0.473814
TGCGGC	0.582195
TGCGGG	0.418754
TGCGGT	0.695086
TGCGTA	0
TGCGTC	0.214292
TGCGTG	0.274139
TGCGTT	0.283504
TGCTAA	0.76842
TGCTAC	2.05604
TGCTAG	1.12901
TGCTAT	1.34814
TGCTCA	0.82539
TGCTCC	1.17179
TGCTCG	0.262322
TGCTCT	1.1737
TGCTGA	1.53168
TGCTGC	1.10302
TGCTGG	0.593808
TGCTGT	1.48195
TGCTTA	0.733828
TGCTTC	0.162434
TGCTTG	0.780239
TGCTTT	0.577773
TGGAAA	0.424595
TGGAAC	0.114684
TGGAAG	0.174436
TGGAAT	0.166889
TGGACA	0.345134
TGGACC	0.431622
TGGACG	0.170313
TGGACT	0.726158
TGGAGA	0.409822
TGGAGC	0.227368
TGGAGG	0.196403
TGGAGT	0.335618
TGGATA	0.352463
TGGATC	0.245399
TGGATG	0.202862
TGGATT	0.114684
TGGCAA	0.908843
TGGCAC	1.25267
TGGCAG	0.879887
TGGCAT	0.437833
TGGCCA	1.862
TGGCCC	2.06103
TGGCCG	1.25543
TGGCCT	1.73675
TGGCGA	0.22596
TGGCGC	0.833682
TGGCGG	0.540167
TGGCGT	0.704926
TGGCTA	0.722216
TGGCTC	0.51517
TGGCTG	0.564086
TGGCTT	1.09022
TGGGAA	0.417901
TGGGAC	0.489295
TGGGAG	0.468488
TGGGAT	0.347103
TGGGCA	1.06149
TGGGCC	0.407991
TGGGCG	0.428584
TGGGCT	0.954232
TGGGGA	0.527242
TGGGGC	0.421849
TGGGGG	0.516726
TGGGGT	0.629969
TGGGTA	0
TGGGTC	0
TGGGTG	0.170526
TGGGTT	0.297678
TGGTAA	1.21486
TGGTAC	1.86303
TGGTAG	0.374132
TGGTAT	1.2471
TGGTCA	0.691578
TGGTCC	0.543381
TGGTCG	0
TGGTCT	0.418754
TGGTGA	1.41596
TGGTGC	1.43761
TGGTGG	0.863381
TGGTGT	1.98933
TGGTTA	0.554383
TGGTTC	0.252876
TGGTTG	0.141313
TGGTTT	0.177949
TGTAAA	0.526663
TGTAAC	1.23921
TGTAAG	0.38196
TGTAAT	0.0733828
TGTACA	1.57394
TGTACC	1.64483
TGTACG	1.09986
TGTACT	1.8459
TGTAGA	0.770361
TGTAGC	0.577772
TGTAGG	0.51094
TGTAGT	0.461052
TGTATA	0.23528
TGTATC	0.468145
TGTATG	0.378789
TGTATT	0.662882
TGTCAA	3.55868
TGTCAC	2.26602
TGTCAG	2.60252
TGTCAT	2.81368
TGTCCA	4.25202
TGTCCC	5.74251
TGTCCG	2.0842
TGTCCT	5.27473
TGTCGA	2.09858
TGTCGC	1.56717
TGTCGG	1.74436
TGTCGT	1.93407
TGTCTA	0.931511
TGTCTC	0.888282
TGTCTG	1.14468
TGTCTT	1.77713
TGTGAA	0.394332
TGTGAC	1.4301
TGTGAG	0.577774
TGTGAT	0.719937
TGTGCA	1.04528
TGTGCC	2.19516
TGTGCG	0.328376
TGTGCT	1.54864
TGTGGA	1.559
TGTGGC	2.16956
TGTGGG	1.41532
TGTGGT	0.994665
TGTGTA	1.06149
TGTGTC	0.538044
TGTGTG	0.347838
TGTGTT	1.05332
TGTTAA	0.740175
TGTTAC	0.783586
TGTTAG	1.28317
TGTTAT	1.69681
TGTTCA	1.91247
TGTTCC	1.7591
TGTTCG	0.39012
TGTTCT	1.40714
TGTTGA	1.86302
TGTTGC	1.79231
TGTTGG	1.80412
TGTTGT	1.9738
TGTTTA	0.0859586
TGTTTC	0.536089
TGTTTG	0.651025
TGTTTT	0.532434
TTAAAA	1.06446
TTAAAC	1.25052
TTAAAG	0.590591
TTAAAT	0.631751
TTAACA	0.953399
TTAACC	2.03908
TTAACG	2.56427
TTAACT	1.30412
TTAAGA	1.82056
TTAAGC	0.811451
TTAAGG	1.01111
TTAAGT	1.90795
TTAATA	0.122043
TTAATC	0.327198
TTAATG	0.290727
TTAATT	0.185545
TTACAA	1.53724
TTACAC	1.05332
TTACAG	1.45403
TTACAT	1.53075
TTACCA	5.30745
TTACCC	2.7077
TTACCG	2.85276
TTACCT	5.07157
TTACGA	0.671237
TTACGC	5.23786
TTACGG	3.83922
TTACGT	1.92185
TTACTA	1.67501
TTACTC	2.20858
TTACTG	1.21179
TTACTT	1.48343
TTAGAA	0.892792
TTAGAC	0.728361
TTAGAG	0.523139
TTAGAT	0.391794
TTAGCA	2.91344
TTAGCC	1.62568
TTAGCG	0.530745
TTAGCT	0.912885
TTAGGA	1.09546
TTAGGC	1.20116
TTAGGG	0.974115
TTAGGT	1.54725
TTAGTA	0.527677
TTAGTC	0.77363
TTAGTG	1.11782
TTAGTT	0.683805
TTATAA	1.68094
TTATAC	1.85044
TTATAG	2.12297
TTATAT	1.88222
TTATCA	0.91288
TTATCC	0.729137
TTATCG	0
TTATCT	2.42788
TTATGA	2.53579
TTATGC	3.18447
TTATGG	1.45894
TTATGT	2.65736
TTATTA	0.445307
TTATTC	0.136251
TTATTG	0.457967
TTATTT	0.509421
TTCAAA	1.03345
TTCAAC	0.800773
TTCAAG	0.331354
TTCAAT	0
TTCACA	0.816692
TTCACC	1.01023
TTCACG	0.428583
TTCACT	0.933629
TTCAGA	1.11327
TTCAGC	0.887728
TTCAGG	0.665797
TTCAGT	0.387635
TTCATA	0.407535
TTCATC	0.124371
TTCATG	0.13004
TTCATT	0.219092
TTCCAA	1.32944
TTCCAC	1.25052
TTCCAG	0.748263
TTCCAT	1.12239
TTCCCA	2.94162
TTCCCC	1.79629
TTCCCG	1.12424
TTCCCT	2.28881
TTCCGA	0.596655
TTCCGC	1.61572
TTCCGG	0.556634
TTCCGT	2.44086
TTCCTA	1.26789
TTCCTC	1.01682
TTCCTG	0.99011
TTCCTT	0.783366
TTCGAA	0
TTCGAC	1.25052
TTCGAG	0.600579
TTCGAT	0
TTCGCA	1.15069
TTCGCC	1.72604
TTCGCG	0
TTCGCT	0.577773
TTCGGA	0.490797
TTCGGC	0.567007
TTCGGG	0.372605
TTCGGT	1.08676
TTCGTA	0
TTCGTC	0
TTCGTG	0.604558
TTCGTT	0.345789
TTCTAA	0.853158
TTCTAC	1.14111
TTCTAG	1.43535
TTCTAT	1.40684
TTCTCA	0.626333
TTCTCC	0.547897
TTCTCG	0
TTCTCT	0.771885
TTCTGA	1.60827
TTCTGC	0.93888
TTCTGG	0.611032
TTCTGT	1.63745
TTCTTA	0.121072
TTCTTC	0.345266
TTCTTG	0.412695
TTCTTT	0.177776
TTGAAA	0.331957
TTGAAC	0.207473
TTGAAG	0.726433
TTGAAT	0.392355
TTGACA	0.583309
TTGACC	1.19666
TTGACG	0
TTGACT	0.826885
TTGAGA	0.621614
TTGAGC	0.507156
TTGAGG	0.466709
TTGAGT	0.707659
TTGATA	0
TTGATC	0
TTGATG	0
TTGATT	0.700062
TTGCAA	0.829893
TTGCAC	1.08033
TTGCAG	0.89769
TTGCAT	0.588956
TTGCCA	1.96742
TTGCCC	2.08262
TTGCCG	0.800774
TTGCCT	2.42877
TTGCGA	1.15555
TTGCGC	0.834953
TTGCGG	1.43385
TTGCGT	3.04295
TTGCTA	1.1922
TTGCTC	0.616813
TTGCTG	1.31294
TTGCTT	0.507157
TTGGAA	0.507158
TTGGAC	0.146295
TTGGAG	0.412447
TTGGAT	0.740974
TTGGCA	1.09545
TTGGCC	0.861208
TTGGCG	0.463391
TTGGCT	1.44392
TTGGGA	0.77834
TTGGGC	0.48765
TTGGGG	0.691576
TTGGGT	0.845263
TTGGTA	0
TTGGTC	0.339362
TTGGTG	0.247393
TTGGTT	0.372099
TTGTAA	1.39468
TTGTAC	1.30411
TTGTAG	1.20116
TTGTAT	0.588196
TTGTCA	1.07218
TTGTCC	0.40393
TTGTCG	0
TTGTCT	0.800773
TTGTGA	1.64826
TTGTGC	1.70632
TTGTGG	1.20404
TTGTGT	2.06135
TTGTTA	0.568772
TTGTTC	0.375157
TTGTTG	0.471773
TTGTTT	0.200193
TTTAAA	1.0271
TTTAAC	0.910283
TTTAAG	0.722871
TTTAAT	1.08082
TTTACA	1.12305
TTTACC	0.485574
TTTACG	0
TTTACT	0.835587
TTTAGA	0.653615
TTTAGC	0.645146
TTTAGG	0.650201
TTTAGT	0.417794
TTTATA	0.549928
TTTATC	0.498841
TTTATG	0.511417
TTTATT	0.104929
TTTCAA	1.22043
TTTCAC	2.31413
TTTCAG	1.43923
TTTCAT	1.13673
TTTCCA	3.78538
TTTCCC	4.09447
TTTCCG	0.955896
TTTCCT	4.27913
TTTCGA	3.04295
TTTCGC	1.72242
TTTCGG	1.08676
TTTCGT	3.92254
TTTCTA	1.05943
TTTCTC	1.15364
TTTCTG	1.25276
TTTCTT	1.27705
TTTGAA	0.829893
TTTGAC	1.09797
TTTGAG	0.232482
TTTGAT	1.08033
TTTGCA	1.61197
TTTGCC	1.73447
TTTGCG	1.25052
TTTGCT	1.6164
TTTGGA	1.4977
TTTGGC	1.51202
TTTGGG	1.14519
TTTGGT	1.62568
TTTGTA	0.610917
TTTGTC	0.619603
TTTGTG	0.152147
TTTGTT	0.69563
TTTTAA	1.4519
TTTTAC	1.37037
TTTTAG	1.52401
TTTTAT	1.69052
TTTTCA	1.01431
TTTTCC	1.23734
TTTTCG	0.31919
TTTTCT	1.08308
TTTTGA	2.19972
TTTTGC	1.58034
TTTTGG	2.05604
TTTTGT	2.25856
TTTTTA	0.343188
TTTTTC	0.438417
TTTTTG	0.45899
TTTTTT	0.341137
