AA	AC	AG	AT	CA	CC	CG	CT	GA	GC	GG	GT	TA	TC	TG	TT	cancer
0.06438393	0.0485656	0.07452892	0.04285045	0.06966721	0.08925268	0.03734894	0.07451918	0.06042949	0.0721605	0.08823199	0.04813774	0.03585114	0.06081382	0.06883325	0.06442517	background
0.0503856	0.0947779	0.0781453	0.0510361	0.029107	0.10414	0.0155408	0.0512916	0.0226491	0.0757991	0.0525925	0.0347751	0.0287354	0.15053	0.0844871	0.0760082	Bile_Duct_Cancer
0.0476954	0.0956068	0.0823718	0.0468933	0.0321158	0.104276	0.018202	0.0514284	0.0226137	0.0725612	0.0532486	0.0344913	0.0327945	0.150676	0.0810452	0.0739804	Healthy
0.0488887	0.0979204	0.0801297	0.0501049	0.0328389	0.108032	0.0175522	0.0530859	0.0248498	0.0788896	0.050725	0.0363207	0.0268768	0.147071	0.0754793	0.0712344	Pancreatic_Cancer
0.0358419	0.0663243	0.0553819	0.040364	0.0807838	0.119026	0.0290866	0.053707	0.0396941	0.065096	0.0630304	0.0314314	0.0530929	0.126172	0.0832961	0.0576708	Breast_Cancer
0.0504214	0.0959512	0.0828567	0.0495434	0.0324604	0.101345	0.0187387	0.0524784	0.0213225	0.0760837	0.0501204	0.0380544	0.028221	0.146373	0.0793448	0.0766857	Healthy
0.0473719	0.097912	0.0808943	0.0537686	0.0306861	0.101955	0.0167461	0.0557299	0.0229316	0.0735622	0.0494237	0.0363285	0.0291473	0.144862	0.0751614	0.0835194	Healthy
0.0347377	0.0743583	0.0511068	0.0417597	0.0769159	0.118443	0.0267392	0.0601283	0.0423642	0.0666388	0.0645461	0.0335286	0.0480841	0.120117	0.0829613	0.0575707	Breast_Cancer
0.0445348	0.0881854	0.0672798	0.048249	0.0508313	0.110577	0.0221436	0.0519278	0.0304917	0.0694376	0.053272	0.0342059	0.0399363	0.139017	0.0798727	0.0700389	Breast_Cancer
0.0432996	0.0995156	0.0703068	0.0546749	0.032071	0.113117	0.018543	0.060913	0.0251725	0.0822203	0.0590293	0.0423455	0.0245854	0.13325	0.0677871	0.0731689	Breast_Cancer
0.0481765	0.0998958	0.0803404	0.0510941	0.0321987	0.104481	0.0156652	0.0516151	0.0226468	0.0743314	0.051372	0.0370267	0.0292463	0.143939	0.0835359	0.0744356	Healthy
0.0510595	0.101526	0.080606	0.0495498	0.0328355	0.104707	0.016876	0.0525961	0.0237774	0.0756457	0.052003	0.0363401	0.0303014	0.142584	0.0777754	0.0718175	Healthy
0.0446693	0.0936716	0.068187	0.0455245	0.0489453	0.110718	0.0231186	0.0582098	0.0279932	0.0742303	0.0533067	0.0371722	0.0324401	0.138854	0.0740023	0.0689567	Breast_Cancer
0.0416875	0.0934939	0.0724289	0.0459005	0.0419376	0.11377	0.0203917	0.0567889	0.0287792	0.0795083	0.0553076	0.0374937	0.0291639	0.141318	0.0755069	0.066523	Breast_Cancer
0.0466753	0.100354	0.0844742	0.0467103	0.0318639	0.107497	0.0190833	0.0567247	0.0237228	0.0775412	0.0532232	0.036871	0.0257012	0.140656	0.0807801	0.0681221	Healthy
0.0490427	0.0961992	0.077761	0.0512591	0.0328209	0.100962	0.0190984	0.0570122	0.0208903	0.070829	0.0545129	0.0385268	0.0300858	0.14378	0.0776195	0.0796001	Healthy
0.0461357	0.0993044	0.0734234	0.049486	0.0359317	0.113524	0.0177485	0.0519411	0.0242954	0.0767224	0.0506368	0.0357271	0.0283617	0.149251	0.0747788	0.0727329	Lung_Cancer
0.0530021	0.102518	0.0751371	0.0551344	0.0292087	0.0993705	0.0147567	0.0553036	0.0211873	0.0747986	0.0463684	0.0383131	0.0297502	0.152	0.0708048	0.0823462	Breast_Cancer
0.0520134	0.0954201	0.081003	0.0521688	0.0372856	0.0990554	0.0191399	0.0553381	0.0265349	0.0687609	0.0521688	0.0358563	0.0304188	0.13516	0.0843898	0.0752859	Healthy
0.0480794	0.0972258	0.0836136	0.0488877	0.0328182	0.104856	0.0193676	0.0555807	0.0239265	0.0734286	0.0548047	0.0346611	0.0263839	0.142751	0.0821586	0.0714563	Colorectal_Cancer
0.0472684	0.102957	0.0702143	0.0551498	0.0320045	0.117084	0.0171595	0.0578834	0.0240433	0.0795722	0.048326	0.0392274	0.0267169	0.13566	0.0724889	0.0742448	Pancreatic_Cancer
0.0455119	0.0995726	0.079028	0.0461377	0.0326305	0.113918	0.0189854	0.0502424	0.0239757	0.0803856	0.0528833	0.0342851	0.0280591	0.149486	0.0777553	0.0671436	Healthy
0.0535475	0.0939313	0.0876203	0.0487984	0.0302161	0.0985211	0.0193791	0.051157	0.0226302	0.0704724	0.0528144	0.0349334	0.0290368	0.150252	0.0786639	0.0780264	Healthy
0.0486388	0.097657	0.0846139	0.0549232	0.0311611	0.104463	0.018118	0.0559192	0.0227186	0.0746538	0.0546149	0.037066	0.0257778	0.13643	0.078543	0.0747012	Ovarian_Cancer
0.0527165	0.0988358	0.0772263	0.0587623	0.0316789	0.106904	0.0157884	0.0570261	0.0235498	0.0752859	0.0486315	0.0417892	0.026777	0.139747	0.069424	0.0758578	Ovarian_Cancer
0.0496252	0.0905925	0.0745828	0.0565659	0.0362031	0.107956	0.0196372	0.0653688	0.0293108	0.0789843	0.0517775	0.0450302	0.0284643	0.121669	0.0711004	0.0731318	Colorectal_Cancer
0.0474753	0.0983181	0.0784815	0.0479354	0.0324231	0.108016	0.0182909	0.0522965	0.0225048	0.0777087	0.0504195	0.0363978	0.0279884	0.151535	0.0781687	0.0720411	Healthy
0.0483635	0.103835	0.0725925	0.0523072	0.0303925	0.112171	0.0156095	0.0533462	0.0221272	0.0801492	0.045695	0.0364615	0.0284797	0.15508	0.0689557	0.0744344	Pancreatic_Cancer
0.0459104	0.0975224	0.0785075	0.0540299	0.0335821	0.0989851	0.0197313	0.0556119	0.0229851	0.0741493	0.0512836	0.0356418	0.0290149	0.142239	0.0828955	0.0779104	Healthy
0.0524886	0.0988188	0.0759222	0.054952	0.0318974	0.101724	0.0161382	0.0546046	0.0227703	0.0725114	0.0484462	0.0376769	0.0312026	0.146065	0.0775644	0.077217	Healthy
0.0477875	0.0991758	0.0800067	0.0532406	0.0290347	0.105212	0.0178579	0.0541148	0.0221246	0.0779253	0.0508887	0.0380469	0.0279316	0.141656	0.0778421	0.0771552	Healthy
0.0329699	0.069105	0.0531329	0.0374538	0.0804173	0.128041	0.035842	0.0530156	0.0389192	0.0673173	0.0712151	0.0280464	0.0441944	0.118575	0.0922865	0.0494696	Breast_Cancer
0.0453304	0.0946315	0.0839581	0.0479987	0.0337675	0.105654	0.0192821	0.0546696	0.0224587	0.0736341	0.0542567	0.0352605	0.0261753	0.143075	0.0834816	0.0763659	Healthy
0.0487095	0.0988651	0.0814937	0.0499725	0.0301666	0.10615	0.0172616	0.0529013	0.0229361	0.0737141	0.0497346	0.0353835	0.0287022	0.153194	0.0777046	0.07311	Healthy
0.052343	0.0938684	0.0731555	0.0552592	0.0337737	0.104163	0.0176221	0.0574776	0.0235793	0.0728564	0.048006	0.0399801	0.0290379	0.141675	0.0761216	0.0810818	Lung_Cancer
0.0477753	0.0995489	0.0806848	0.0575149	0.0306541	0.105905	0.0157884	0.0536874	0.0226915	0.0698175	0.0497574	0.0397102	0.0255963	0.142232	0.0816759	0.0769599	Bile_Duct_Cancer
0.0486037	0.100042	0.0797231	0.0511398	0.0306421	0.105084	0.0180809	0.0572562	0.0234813	0.0759637	0.0517962	0.0383996	0.0275988	0.144438	0.0758145	0.0719358	Healthy
0.0475726	0.0997418	0.0805365	0.0531768	0.0315471	0.105189	0.016844	0.0551917	0.0221019	0.07361	0.0513822	0.0372458	0.0261948	0.141899	0.0826144	0.0751527	Healthy
0.0479641	0.0958575	0.0798812	0.0521349	0.0319878	0.106426	0.0173547	0.0566591	0.0231514	0.0742613	0.0508624	0.0384561	0.0286653	0.141065	0.0768769	0.0783967	Healthy
0.0480632	0.0937521	0.0809986	0.0571535	0.0317821	0.100231	0.0186894	0.0566447	0.0236415	0.0715013	0.0520317	0.0396174	0.0291025	0.135812	0.0811343	0.0798453	Healthy
0.0442617	0.0987196	0.0737806	0.0517835	0.0340153	0.113145	0.0177682	0.0546919	0.0246548	0.0782436	0.0515829	0.037258	0.0276636	0.145639	0.0760037	0.0707886	Breast_Cancer
0.0439821	0.0993555	0.0866782	0.0489711	0.0321245	0.11192	0.018797	0.0510063	0.023644600000000002	0.0777743	0.0582283	0.0372548	0.0264289	0.13589	0.0839505	0.0639946	Pancreatic_Cancer
0.0513024	0.0992608	0.0807814	0.0524903	0.0265312	0.0973689	0.0177314	0.0522703	0.0216913	0.0696498	0.0466385	0.0373548	0.031195	0.150343	0.0801214	0.0852693	Healthy
0.0492006	0.0950209	0.0873484	0.0508102	0.0317362	0.100762	0.0192349	0.0557463	0.0215152	0.0706084	0.0527417	0.0356798	0.0301803	0.139017	0.0835122	0.0768859	Ovarian_Cancer
0.0467429	0.0957277	0.0776386	0.0508658	0.0342713	0.105803	0.0194805	0.0576943	0.0215677	0.0773552	0.0505051	0.0376984	0.0276232	0.141053	0.078592	0.077381	Healthy
0.0577596	0.0998171	0.0729051	0.0544999	0.0337892	0.103435	0.0156623	0.0478613	0.0273891	0.0785498	0.0479806	0.0339084	0.0330736	0.149428	0.0717523	0.0721895	Bile_Duct_Cancer
0.0463656	0.101587	0.0737514	0.0523377	0.033726	0.116865	0.0181822	0.0564691	0.0250337	0.0797439	0.0513151	0.0387164	0.0273244	0.139792	0.0710926	0.0676975	Breast_Cancer
0.0494823	0.0981909	0.0765592	0.0518329	0.0352892	0.100184	0.0162759	0.0570995	0.0251726	0.0737622	0.0500179	0.037015	0.031064	0.142288	0.077422	0.0783444	Lung_Cancer
0.0490115	0.0986114	0.0750177	0.0579842	0.0352436	0.110614	0.0153271	0.0625147	0.0259473	0.079048	0.0499823	0.0420981	0.0275065	0.126824	0.0712226	0.0730466	Bile_Duct_Cancer
0.0505081	0.0940968	0.0848375	0.0507755	0.0323573	0.0985426	0.0179837	0.0554887	0.0249365	0.0705308	0.0519789	0.0391429	0.0311873	0.139089	0.0800909	0.078453	Healthy
0.0488464	0.0987321	0.0780157	0.0534885	0.033465	0.100845	0.0163514	0.0531767	0.0225871	0.0715374	0.0463521	0.0370678	0.0304164	0.152879	0.0753135	0.0809257	Healthy
0.0496123	0.0938611	0.0850289	0.0477759	0.0352125	0.104938	0.0173731	0.0520317	0.0238442	0.073748	0.0508949	0.0346878	0.0306943	0.14668	0.0798403	0.0737772	Healthy
0.0482228	0.106839	0.0756807	0.0513752	0.0286001	0.115657	0.0159905	0.051695	0.0232091	0.082648	0.0464181	0.0370523	0.024831	0.152846	0.0705866	0.068348	Pancreatic_Cancer
0.0515115	0.0991019	0.0773463	0.0564129	0.0315267	0.102232	0.0155262	0.053978	0.0246964	0.0739312	0.0466734	0.0402542	0.0294713	0.143593	0.0728877	0.0808563	Pancreatic_Cancer
0.0510114	0.0976757	0.0769754	0.0514845	0.0304294	0.104566	0.0183345	0.0559498	0.0231843	0.0756447	0.0481725	0.0357819	0.0295127	0.143335	0.07804	0.079903	Healthy
0.0470472	0.100318	0.0784208	0.0483216	0.0304059	0.111048	0.0170379	0.0511348	0.022934	0.0788174	0.0494902	0.0356569	0.027048	0.153452	0.0775641	0.0713032	Healthy
0.0506639	0.0984303	0.0823112	0.0519017	0.0318161	0.103184	0.018032	0.0536176	0.0242208	0.0729718	0.0505232	0.0362327	0.0289749	0.141893	0.0809891	0.0742377	Healthy
0.0492909	0.10251	0.0839127	0.0540184	0.0301377	0.101293	0.0165462	0.0531841	0.0226641	0.0696955	0.0477266	0.0367422	0.0295467	0.142589	0.0807147	0.0794285	Healthy
0.0494081	0.0982056	0.0806376	0.0558435	0.0316052	0.107342	0.0163624	0.0570648	0.022649	0.0751965	0.0503789	0.0389722	0.0269001	0.137992	0.0762926	0.0751495	Healthy
0.0425561	0.0872422	0.0683435	0.0435985	0.0502379	0.111965	0.0245864	0.0586449	0.0318378	0.0783594	0.0584183	0.0351462	0.0324722	0.133424	0.0780875	0.0650804	Lung_Cancer
0.0474213	0.0993409	0.0782622	0.0498491	0.0324972	0.109114	0.0173462	0.0525719	0.023064	0.0765548	0.050076	0.0357305	0.0287478	0.148867	0.0774794	0.0730776	Healthy
0.0438357	0.0955875	0.0639231	0.0543531	0.0364334	0.126417	0.0162979	0.0679694	0.0332541	0.0879444	0.0512701	0.0468063	0.024503	0.122162	0.059411	0.069832	Breast_Cancer
0.0524827	0.1015	0.0805518	0.0499078	0.0310891	0.101341	0.0160532	0.0508297	0.0227923	0.0733359	0.049431	0.0371289	0.0298493	0.147276	0.0805836	0.0758472	Healthy
0.0488769	0.102363	0.0774859	0.0540353	0.0311334	0.104302	0.0154021	0.0539987	0.0246579	0.0751079	0.0489134	0.0379381	0.0275481	0.143375	0.0767542	0.0781079	Healthy
0.0484054	0.095988	0.0809499	0.0526898	0.0336227	0.103876	0.0185847	0.0512428	0.0246851	0.0748212	0.0520372	0.0380774	0.0290262	0.141953	0.0791624	0.074878	Healthy
0.0488308	0.0982597	0.0839962	0.0479337	0.0333114	0.101728	0.0178219	0.0524191	0.0226661	0.0735004	0.0498475	0.0349261	0.0331021	0.147449	0.0801986	0.0740087	Healthy
0.0494419	0.0977746	0.0833501	0.0508238	0.0298039	0.103196	0.0175146	0.0530243	0.0228526	0.0755626	0.0515712	0.0367908	0.0275382	0.144725	0.0802126	0.0758176	Healthy
0.0469625	0.0977219	0.0768393	0.0519731	0.0304058	0.110015	0.0159031	0.0542139	0.0224698	0.0774928	0.0504793	0.0382174	0.0275115	0.147112	0.0765592	0.0761235	Pancreatic_Cancer
0.0448962	0.0958016	0.0819039	0.0509848	0.0313691	0.107449	0.019245	0.0574439	0.0222628	0.0787802	0.0549026	0.0382783	0.0258895	0.139109	0.0776684	0.0740152	Colorectal_Cancer
0.0491526	0.0978345	0.0808319	0.0526418	0.0313192	0.108856	0.0179442	0.0553002	0.0238979	0.0798903	0.054331	0.0390452	0.0250609	0.135551	0.076235	0.072109	Lung_Cancer
0.0482753	0.1033	0.0691892	0.0563951	0.0369117	0.116276	0.0154134	0.0589942	0.0245406	0.0794447	0.0471672	0.0397727	0.0284695	0.135074	0.0680408	0.0727353	Pancreatic_Cancer
0.0493717	0.0979141	0.0795752	0.0520508	0.0329464	0.104038	0.0188174	0.0590036	0.0248772	0.0698794	0.0520827	0.0390381	0.0274606	0.138324	0.0781081	0.0765134	Healthy
0.0464803	0.105623	0.0619946	0.0571993	0.0326271	0.109227	0.0144174	0.0524666	0.0236319	0.077791	0.0491444	0.0380179	0.0303705	0.144393	0.0795148	0.0771015	Gastric_cancer
0.0510813	0.0994995	0.077007	0.0525894	0.0331772	0.101168	0.0158506	0.0558301	0.0256369	0.0746326	0.0496695	0.0367067	0.0320221	0.143971	0.0773599	0.0737984	Pancreatic_Cancer
0.0519906	0.0963736	0.0817296	0.0522312	0.031453	0.101606	0.0169593	0.0527724	0.0235446	0.071987	0.0518703	0.0375571	0.0298593	0.142531	0.0803765	0.077159	Healthy
0.0512793	0.102506	0.0779478	0.0526246	0.0292271	0.105671	0.0166447	0.0553416	0.0233975	0.0813506	0.050699	0.0375099	0.0273279	0.139409	0.0759694	0.0730942	Pancreatic_Cancer
0.0479	0.0974154	0.0812949	0.052812	0.0320433	0.104866	0.0172414	0.049944	0.0235709	0.0730533	0.0512626	0.0353728	0.0299334	0.151282	0.0785917	0.073416	Healthy
0.0502565	0.0979004	0.0870939	0.0506128	0.0304959	0.101107	0.0174805	0.0508503	0.0211144	0.0724397	0.0504465	0.0367661	0.0288571	0.148656	0.0822725	0.073651	Breast_Cancer
0.0520761	0.0934119	0.0820052	0.0513299	0.032994	0.100688	0.0192154	0.0543148	0.0249187	0.0709717	0.0543948	0.0365386	0.0296359	0.14213	0.0823783	0.0729972	Healthy
0.0496403	0.103156	0.0857972	0.0489441	0.0278255	0.102437	0.0155256	0.051404	0.0207937	0.0777675	0.0501508	0.0357159	0.0288002	0.148225	0.0795312	0.0742864	Breast_Cancer
0.048487	0.096697	0.0788983	0.0563416	0.033231	0.103318	0.0175721	0.0601682	0.0231106	0.0749459	0.0496199	0.0387191	0.0260057	0.135769	0.0759025	0.0812144	Gastric_cancer
0.0469362	0.0985878	0.0841757	0.0492093	0.0316656	0.106556	0.018922	0.0512889	0.0230691	0.0759781	0.0549524	0.0361755	0.0271074	0.14336	0.0810562	0.0709605	Healthy
0.0460206	0.102761	0.0752391	0.0495037	0.0316188	0.111478	0.0169825	0.051164	0.0230103	0.0801841	0.049991	0.0348493	0.0269085	0.153853	0.0760873	0.0703483	Healthy
0.0461892	0.100923	0.0765738	0.0492068	0.0305638	0.111843	0.0175525	0.0507604	0.0231245	0.0779033	0.0513579	0.0359864	0.0260375	0.152087	0.0781572	0.0717337	Healthy
0.0531462	0.0967568	0.0798405	0.0526883	0.0338056	0.102063	0.0165392	0.0522842	0.0239737	0.0714363	0.0518532	0.0347753	0.0296035	0.143977	0.0807564	0.0765004	Healthy
0.0501169	0.107722	0.0714494	0.0501169	0.0340809	0.115101	0.014173	0.053441	0.024547	0.0765634	0.04314	0.0359804	0.030282	0.155465	0.0681254	0.0696961	Gastric_cancer
0.0449913	0.0934049	0.0800899	0.0515613	0.0370722	0.107095	0.0195353	0.0542343	0.0255309	0.0729203	0.0545841	0.0361979	0.0301024	0.137472	0.084012	0.0711966	Gastric_cancer
0.0459499	0.0964161	0.0776807	0.049359	0.035169	0.109062	0.0196678	0.0557984	0.0244464	0.0789044	0.0508159	0.0367133	0.0277681	0.144901	0.0773019	0.0700466	Healthy
0.0481254	0.0979424	0.0821653	0.0522682	0.0323828	0.100325	0.0186425	0.0517849	0.0225782	0.0711179	0.049437300000000003	0.0352137	0.0306912	0.147173	0.0821998	0.0779535	Healthy
0.0509178	0.0973635	0.0735414	0.0542207	0.0335555	0.106805	0.0157839	0.0565883	0.0247282	0.0763767	0.0492225	0.0397521	0.0305448	0.1453	0.0708231	0.0744768	Healthy
0.04801	0.0996599	0.0810883	0.0521016	0.0309262	0.104017	0.0187311	0.0549179	0.0234603	0.0789096	0.0512248	0.0371433	0.026436	0.143339	0.0764918	0.0735427	Ovarian_Cancer
0.0397885	0.0863012	0.0609813	0.040345	0.0628826	0.114404	0.0280096	0.0444259	0.0341773	0.0668707	0.0650158	0.0301892	0.0420145	0.13555	0.0905676	0.0584771	Gastric_cancer
0.0481975	0.100829	0.0835616	0.0481615	0.0328046	0.103317	0.0170512	0.0532084	0.0219178	0.0753785	0.0506849	0.0355443	0.027938	0.14553	0.0800649	0.0758111	Healthy
0.0482145	0.101229	0.0766466	0.0507354	0.0300178	0.112304	0.0161744	0.0549843	0.0229157	0.0809763	0.0489361	0.0365597	0.0261201	0.147055	0.0749518	0.0721793	Healthy
0.0474811	0.0982012	0.0780514	0.0477054	0.0320403	0.108746	0.0175212	0.0512931	0.0233949	0.0769863	0.0509505	0.0342016	0.0291626	0.153879	0.0785995	0.0717854	Healthy
0.0484014	0.0938898	0.0799776	0.0509415	0.0339066	0.104167	0.0181068	0.0539243	0.0238395	0.0720311	0.0549264	0.0365865	0.0305509	0.142967	0.0828673	0.0729167	Colorectal_Cancer
0.0464573	0.0949774	0.0859005	0.0464298	0.0325393	0.110711	0.0184564	0.0553141	0.0245902	0.0790516	0.0567719	0.0352624	0.026268	0.14138	0.0796017	0.0662889	Colorectal_Cancer
0.0475775	0.103667	0.0766438	0.0487282	0.0299393	0.118368	0.0161898	0.0528352	0.0230546	0.0851752	0.0502163	0.0369628	0.0239475	0.147574	0.0723582	0.0667632	Breast_Cancer
0.0503992	0.101749	0.0806767	0.051594	0.0278608	0.101532	0.0148808	0.0502634	0.021235	0.0792103	0.0461902	0.0363059	0.0278336	0.159643	0.0744311	0.0761962	Breast_Cancer
0.0506014	0.101476	0.0791689	0.0524057	0.029333	0.102761	0.0170038	0.05462	0.0225806	0.0777747	0.0479497	0.0374248	0.0279114	0.144833	0.0812739	0.0728814	Ovarian_Cancer
0.0505817	0.101717	0.0820776	0.0499169	0.0329917	0.112548	0.0170083	0.0517729	0.0229363	0.074072	0.0484488	0.0344875	0.0272022	0.142798	0.078698100000000007	0.0727424	Pancreatic_Cancer
0.0487623	0.094112	0.0804855	0.0565008	0.0328286	0.109397	0.0179043	0.0628455	0.0239366	0.0755588	0.0526796	0.0405431	0.0247537	0.129536	0.0737323	0.0764239	Bile_Duct_Cancer
0.0479659	0.0959319	0.0755914	0.0549651	0.0338247	0.101817	0.0189121	0.0588504	0.022626	0.0742772	0.04968	0.0396812	0.0267112	0.142212	0.0786196	0.0783339	Lung_Cancer
0.0504087	0.102825	0.0793452	0.0524874	0.0329759	0.101998	0.0165116	0.0525818	0.0234799	0.0775263	0.0477158	0.0366136	0.0290547	0.145084	0.0774319	0.0739595	Healthy
0.0454769	0.0991352	0.0777357	0.0515945	0.0318166	0.113361	0.0178124	0.0540023	0.0233158	0.0793081	0.0491868	0.0382536	0.025699	0.147216	0.0732151	0.0728711	Healthy
0.0430221	0.102015	0.0751197	0.0509295	0.031664	0.121523	0.0193695	0.0576056	0.0226122	0.0881251	0.0535479	0.0397101	0.0214504	0.133245	0.0730561	0.0670042	Colorectal_Cancer
0.0465914	0.0991589	0.0833333	0.0561089	0.0284418	0.107459	0.0194223	0.0561089	0.0230744	0.0748672	0.0505755	0.0410027	0.0262284	0.138225	0.0747565	0.0746459	Lung_Cancer
0.0511683	0.092103	0.0799807	0.0532326	0.0346539	0.104621	0.0184909	0.0606992	0.0251669	0.0743148	0.0522224	0.0392656	0.0278461	0.133565	0.0783995	0.0742709	Healthy
0.0497673	0.0981955	0.0832111	0.0507237	0.0309252	0.105624	0.0177262	0.0516802	0.0255372	0.0738698	0.0536887	0.0374609	0.0280877	0.139705	0.0786839	0.0751132	Healthy
0.0473547	0.0904202	0.0911822	0.0444045	0.0349445	0.10934	0.0227629	0.0505116	0.025332	0.0746244	0.0614958	0.0348356	0.0265622	0.132049	0.0908556	0.0633246	Bile_Duct_Cancer
0.0475127	0.100534	0.0723853	0.0551322	0.0310847	0.113346	0.0160398	0.0609075	0.0234166	0.0801262	0.0487018	0.0411793	0.0252851	0.139893	0.0713176	0.0731376	Pancreatic_Cancer
0.0459065	0.0992355	0.0734366	0.0524033	0.0315071	0.110206	0.0173135	0.0578716	0.0218904	0.0777222	0.0481692	0.0376954	0.0254731	0.151604	0.0730767	0.0764879	Healthy
0.0543812	0.0966884	0.0846785	0.0535806	0.0299129	0.0994748	0.0174225	0.0517871	0.0242762	0.0695619	0.0487125	0.0382078	0.0295606	0.143319	0.0802908	0.078145	Breast_Cancer
0.0420508	0.0926418	0.0806798	0.047339	0.0312482	0.108506	0.0212375	0.0622137	0.0245178	0.0806515	0.0604038	0.0395622	0.0255359	0.135456	0.0790396	0.0689158	Colorectal_Cancer
0.0453995	0.100473	0.0819533	0.0535786	0.0309193	0.109096	0.0190847	0.0552145	0.0216294	0.0774093	0.0514177	0.038735	0.02583	0.139652	0.0783585	0.0712497	Healthy
0.0491069	0.096235	0.0825131	0.0520752	0.0315836	0.105608	0.0180961	0.0511378	0.0251523	0.0743894	0.0547831	0.0353851	0.0284591	0.142426	0.0799354	0.0731136	Ovarian_Cancer
0.0485008	0.096815	0.0835234	0.0493302	0.0288848	0.103098	0.017418	0.0520673	0.0219176	0.0770331	0.0516319	0.0348567	0.0278273	0.150728	0.0790445	0.0773234	Breast_Cancer
0.0505691	0.090813	0.0774797	0.0534146	0.033252	0.101951	0.0200813	0.0552846	0.0247154	0.0762602	0.056748	0.0379675	0.0331707	0.130732	0.078374	0.079187	Lung_Cancer
0.0509028	0.0979932	0.0797853	0.0547761	0.0317799	0.101501	0.0186044	0.0569416	0.0243687	0.0707576	0.0515737	0.0397096	0.0284555	0.138069	0.0786568	0.0761254	Healthy
0.0462809	0.0998515	0.0795173	0.0504455	0.0311448	0.11099	0.0171968	0.0555693	0.023552	0.0799938	0.0515903	0.0364851	0.0253032	0.145093	0.0765965	0.0703899	Healthy
0.0487116	0.0977336	0.0775225	0.0526855	0.0306427	0.105961	0.0183173	0.0564111	0.0251164	0.0759391	0.0511332	0.0365104	0.0274759	0.141447	0.0789817	0.0754114	Healthy
0.0494145	0.0956056	0.0800509	0.0527561	0.0336231	0.102999	0.0165306	0.0589662	0.0250177	0.0698782	0.0528744	0.0377928	0.0285368	0.137893	0.080731	0.0773303	Healthy
0.0504104	0.10094499999999999	0.073833	0.05837	0.0322527	0.101526	0.0159605	0.0572506	0.0231324	0.074289	0.0458917	0.040461	0.0286046	0.145262	0.0719675	0.0798441	Breast_Cancer
0.0465024	0.100599	0.0781074	0.0545753	0.0313345	0.110316	0.0174774	0.0556365	0.0218676	0.0791062	0.0527236	0.0385336	0.0261745	0.141609	0.0750073	0.0704299	Ovarian_Cancer
0.0420486	0.0878978	0.0789552	0.0505067	0.0335159	0.106435	0.0230084	0.0736083	0.0248901	0.0791415	0.0607534	0.0435018	0.0241076	0.124599	0.0745212	0.0725091	Colorectal_Cancer
0.0462658	0.0965989	0.089148	0.0450386	0.0301543	0.104558	0.0196529	0.0510519	0.0226508	0.0786641	0.0557504	0.0340112	0.0257714	0.14609	0.0850281	0.0695652	Healthy
0.0497001	0.101164	0.0711729	0.0553455	0.0354353	0.113967	0.015903	0.0588487	0.0255305	0.0798427	0.0473562	0.0390141	0.0285045	0.13539	0.0712233	0.0716014	Breast_Cancer
0.0461885	0.101049	0.0808763	0.0477577	0.0289685	0.109783	0.017633	0.0544681	0.0229187	0.0796374	0.0504419	0.0362777	0.0255823	0.149571	0.0765403	0.0723076	Healthy
0.0497747	0.0983917	0.0828405	0.0531228	0.0311728	0.104149	0.0167011	0.0522623	0.0233346	0.0740402	0.0504318	0.0363121	0.0294205	0.145131	0.0783973	0.0745174	Healthy
0.0492728	0.0991926	0.0781792	0.053077	0.030899	0.106283	0.0160965	0.0557683	0.0232648	0.0772734	0.050929	0.0374463	0.0297086	0.140107	0.0753843	0.0771182	Breast_Cancer
0.04803	0.093307	0.0848003	0.0494684	0.0325217	0.1033	0.0201665	0.0545553	0.0230815	0.0731024	0.0546315	0.0369323	0.0284732	0.141413	0.0827999	0.0734168	Healthy
0.0516236	0.0986787	0.078718	0.0529238	0.0307141	0.0964647	0.0153922	0.0539781	0.023018	0.0753795	0.04579	0.0366531	0.0301167	0.150302	0.0780503	0.0821971	Pancreatic_Cancer
0.0486178	0.0981993	0.0754755	0.0533857	0.0330459	0.103627	0.0168907	0.0552625	0.0236875	0.074664	0.0516104	0.0386761	0.0293431	0.14773	0.0740553	0.0757291	Healthy
0.0480144	0.0964415	0.0895307	0.0504384	0.0294997	0.104719	0.0184116	0.0530944	0.0233883	0.0731305	0.0575039	0.0365652	0.0246003	0.136256	0.0906911	0.0677153	Pancreatic_Cancer
0.0473945	0.0962676	0.0783848	0.0532489	0.0326087	0.108736	0.0184023	0.0586237	0.024476500000000002	0.0753277	0.0516504	0.039602	0.0275935	0.13577	0.0769461	0.074968	Healthy
0.051805	0.0988042	0.0801105	0.0543404	0.0314085	0.0991448	0.0169908	0.0524483	0.0238023	0.069969	0.0496481	0.035344	0.0280027	0.146409	0.0806024	0.0811701	Healthy
0.046669	0.0996437	0.0783755	0.0540435	0.0313858	0.106234	0.0178126	0.0598504	0.0248308	0.0729248	0.0516922	0.0394727	0.0265408	0.140114	0.0729248	0.0774849	Healthy
0.0495133	0.100025	0.0800574	0.054942	0.0313241	0.106795	0.0155997	0.0511981	0.0233683	0.0759079	0.0514788	0.0378136	0.0276114	0.144671	0.0761575	0.0735368	Lung_Cancer
0.0466937	0.0977056	0.0765339	0.0511408	0.0344805	0.100799	0.018207	0.0545566	0.0235886	0.0720547	0.0521075	0.0371552	0.0291957	0.147171	0.0814321	0.0771784	Lung_Cancer
0.0496143	0.098741399999999993	0.0830694	0.0548112	0.0303289	0.099188	0.0163622	0.0531872	0.0246041	0.0750305	0.0491677	0.0367032	0.0286642	0.142469	0.0773447	0.0807146	Healthy
0.0513508	0.096378	0.084161	0.0546616	0.0323136	0.0972719	0.016521	0.0543306	0.0241028	0.0714144	0.053238	0.0363528	0.0291021	0.143392	0.0792941	0.0761157	Healthy
0.0471177	0.102404	0.082122	0.0533296	0.0299416	0.106566	0.0170829	0.0541682	0.023885	0.0739533	0.053516	0.0376134	0.0286682	0.134085	0.0818735	0.0736737	Pancreatic_Cancer
0.0451227	0.0980701	0.084953	0.0542477	0.0310019	0.10991	0.0174514	0.0602929	0.0220139	0.0757596	0.0523086	0.0398531	0.023337	0.132836	0.0784743	0.0743681	Bile_Duct_Cancer
0.0493344	0.0948957	0.0884886	0.050687	0.0323557	0.0996654	0.0180822	0.0535346	0.0231366	0.0712608	0.053143	0.0370542	0.0289386	0.139176	0.0826867	0.077561	Healthy
0.0498629	0.104245	0.0794404	0.0542551	0.0310247	0.10526	0.0173403	0.0515639	0.0218341	0.0759368	0.0479588	0.0361531	0.0281558	0.147964	0.0743374	0.0746674	Ovarian_Cancer
0.0523186	0.0990327	0.0803129	0.0547084	0.0304125	0.10239	0.0160171	0.0540541	0.0241252	0.0737127	0.0524324	0.0403129	0.0267425	0.141195	0.0753343	0.076899	Ovarian_Cancer
0.0461067	0.0967963	0.0782294	0.0471132	0.0340929	0.111251	0.0197661	0.0551653	0.0247559	0.0797499	0.0555936	0.0374764	0.0272186	0.13922	0.0773085	0.0701559	Pancreatic_Cancer
0.0470484	0.0979784	0.0857083	0.0506174	0.0283697	0.109024	0.0167509	0.0564268	0.022925	0.077919	0.052936	0.0368363	0.0258949	0.141458	0.078414	0.0716928	Lung_Cancer
0.0485107	0.0957333	0.0816262	0.0515898	0.0299736	0.0972414	0.0165892	0.0559884	0.0247267	0.0737715	0.0530979	0.0396506	0.0289682	0.1466	0.0781702	0.0777617	Healthy
0.0486905	0.103155	0.0768452	0.0503968	0.0338294	0.112321	0.0175198	0.0528968	0.0230952	0.0822817	0.0503373	0.0362103	0.0281151	0.141071	0.0724206	0.0708135	Breast_Cancer
0.0478009	0.0955519	0.0754081	0.0568119	0.0323249	0.114098	0.0178224	0.0623284	0.0279816	0.0799261	0.0533922	0.045829	0.0230143	0.12603	0.0707404	0.07094	Bile_Duct_Cancer
0.0498535	0.0975372	0.0779267	0.054112	0.032874	0.105891	0.0177661	0.058072	0.0230823	0.075377	0.0491212	0.0378377	0.0278561	0.139009	0.0757025	0.0779809	Healthy
0.0487578	0.0923964	0.084986	0.0534832	0.0329348	0.100308	0.017434	0.0569557	0.0218372	0.0680891	0.0522303	0.0395217	0.0299993	0.138541	0.0815852	0.0809408	Healthy
0.0494134	0.0953342	0.0839291	0.0499591	0.0310232	0.104284	0.0187995	0.0524693	0.0237653	0.0745157	0.0556344	0.0363438	0.0289768	0.137899	0.0819645	0.0756889	Colorectal_Cancer
0.0489522	0.0989522	0.0789456	0.0540602	0.0330059	0.10871	0.0155861	0.0586117	0.0264244	0.0737721	0.0544204	0.0387033	0.0273739	0.131434	0.0769483	0.0740995	Pancreatic_Cancer
0.0455596	0.102807	0.0672769	0.0547871	0.0336664	0.130005	0.0163672	0.0661025	0.0243084	0.0890873	0.0481881	0.0441802	0.021885	0.128495	0.0618895	0.0653941	Breast_Cancer
0.04258	0.0972977	0.0871229	0.0449683	0.0287574	0.110548	0.0199077	0.0521822	0.0219689	0.0811686	0.0568606	0.0348426	0.0238664	0.144687	0.0842439	0.0689982	Ovarian_Cancer
0.0480239	0.101011	0.0812997	0.0467908	0.0295703	0.11034	0.0168753	0.050521	0.0220482	0.079561	0.0494482	0.0348172	0.027208800000000002	0.153949	0.0778778	0.0706579	Healthy
0.0494559	0.0991783	0.0756578	0.0543638	0.0329758	0.108508	0.0166055	0.0570295	0.0241007	0.0777746	0.0498322	0.0402672	0.0273309	0.138959	0.0723492	0.0756108	Pancreatic_Cancer
0.0517772	0.101805	0.0751149	0.0551082	0.0318548	0.112472	0.0154531	0.0579542	0.0240334	0.077708	0.0464224	0.038348	0.0275119	0.137285	0.0733651	0.0737867	Breast_Cancer
0.0449959	0.100455	0.0756617	0.0449338	0.0343672	0.114454	0.0190653	0.0503929	0.0241935	0.0787014	0.0479942	0.0336022	0.0296526	0.154487	0.0761166	0.0709264	Healthy
0.0480563	0.0987429	0.0767208	0.0541414	0.032788	0.113788	0.0168286	0.0592457	0.0248306	0.0773226	0.0500847	0.0405225	0.0253878	0.134807	0.074202	0.0725303	Breast_Cancer
0.051038	0.108218	0.072964	0.0528805	0.031108	0.107204	0.014556	0.0505159	0.0237379	0.077079	0.043023	0.03596	0.0315379	0.15382	0.0729026	0.0734553	Gastric_cancer
0.0492409	0.100035	0.0808371	0.0534029	0.0300721	0.106161	0.0177912	0.0565098	0.0208981	0.076763	0.0499443	0.0390117	0.026379	0.145202	0.0748578	0.0728941	Healthy
0.048828	0.0973981	0.0828987	0.0483552	0.0306321	0.103645	0.0188406	0.0515216	0.0232392	0.0752192	0.0544587	0.0368789	0.0277523	0.145094	0.0832426	0.0719955	Healthy
0.0457564	0.0951753	0.0807696	0.056695	0.0292509	0.103916	0.0170915	0.0573298	0.0239281	0.0766676	0.0482957	0.0380897	0.0282254	0.140346	0.078914	0.0795488	Bile_Duct_Cancer
0.0488628	0.097102	0.0855099	0.0579237	0.0303008	0.101284	0.0172047	0.0567498	0.0233309	0.0721203	0.0512106	0.0361702	0.0280998	0.136831	0.079347	0.077953	Healthy
0.0503747	0.0957433	0.0834015	0.0553806	0.0276116	0.0995214	0.0155532	0.0562307	0.0216926	0.0761917	0.0506265	0.037781	0.02588	0.141521	0.0801587	0.0823311	Healthy
0.0518603	0.0953655	0.0856397	0.0540144	0.0299282	0.100294	0.0166775	0.053329	0.0227807	0.0705614	0.0478786	0.0386097	0.02797	0.142689	0.080124	0.0822781	Healthy
0.0479645	0.0990804	0.0803108	0.0458041	0.0341697	0.107722	0.0184723	0.0494906	0.0251913	0.0765846	0.0525826	0.0329805	0.0308202	0.14976	0.080291	0.0687755	Healthy
0.0513121	0.0962296	0.0770456	0.0521751	0.0315971	0.102735	0.0170377	0.0557596	0.0247821	0.0718016	0.0509802	0.0381024	0.0312873	0.143559	0.0778422	0.0777537	Healthy
0.0473879	0.0997622	0.0851331	0.051945	0.0291592	0.102668	0.0175682	0.0545869	0.0221914	0.0754243	0.04894	0.0373159	0.0272769	0.14431	0.0804438	0.0758867	Breast_Cancer
0.0515269	0.0971139	0.0781284	0.0529116	0.0341812	0.0990817	0.0189126	0.0561548	0.0252168	0.0712412	0.0493769	0.0374244	0.0335981	0.135085	0.0827928	0.0772538	Healthy
0.0474235	0.0986823	0.0795555	0.0521192	0.0329187	0.102001	0.0169633	0.057454	0.023429	0.075622	0.0489232	0.0396548	0.0285918	0.14409	0.0750811	0.0774904	Pancreatic_Cancer
0.0447179	0.0912179	0.0813332	0.0494515	0.0314641	0.109428	0.0192126	0.0620092	0.0232778	0.0758479	0.0554937	0.0376176	0.0268141	0.136743	0.0809434	0.0744278	Colorectal_Cancer
0.0440384	0.0944763	0.0795442	0.0508027	0.0316886	0.11606	0.0205456	0.0630684	0.0232963	0.0834456	0.0548164	0.0410071	0.0230156	0.132536	0.0748288	0.0668295	Colorectal_Cancer
0.0426955	0.0958217	0.0826238	0.0458582	0.0297105	0.115923	0.02077	0.052822	0.0211653	0.0858168	0.056897	0.0362486	0.0237197	0.146393	0.079005	0.0645299	Colorectal_Cancer
0.0508785	0.0991615	0.0819912	0.0538733	0.0322441	0.0996606	0.0171702	0.0518102	0.0235924	0.0731399	0.0504792	0.0348729	0.0301477	0.144283	0.0820245	0.0746706	Healthy
0.0499056	0.100372	0.0792705	0.0538602	0.0302208	0.100047	0.0176189	0.0548932	0.0238461	0.0736926	0.0480758	0.0388974	0.0291878	0.145054	0.0762307	0.0788278	Healthy
0.047238	0.0961756	0.0847734	0.0474504	0.0314212	0.106893	0.0200189	0.0515109	0.0219783	0.077101	0.051322	0.0317989	0.0279509	0.150968	0.0825779	0.0708215	Healthy
0.0502306	0.101969	0.0809189	0.0477767	0.0314274	0.105931	0.0167632	0.0517975	0.0220258	0.0703642	0.0517088	0.0366012	0.0278796	0.15217	0.0792337	0.0732025	Healthy
0.0517987	0.0985149	0.0835556	0.0478336	0.0321895	0.09938	0.0165814	0.0514383	0.0256651	0.0720929	0.0506813	0.034965	0.030315	0.146853	0.0796626	0.0784731	Healthy
0.0491545	0.097673	0.0812234	0.0554005	0.0323692	0.104378	0.0173772	0.0565401	0.0227221	0.0719826	0.0493577	0.0386151	0.0280845	0.14075	0.0777515	0.0766207	Healthy
0.0483243	0.0961081	0.0763243	0.0554054	0.0329189	0.104703	0.0190811	0.0574054	0.0262162	0.0755676	0.0532432	0.0363243	0.0281081	0.140108	0.0742162	0.0759459	Healthy
0.0461066	0.0985005	0.0819411	0.0504457	0.0315249	0.107769	0.0199244	0.0559065	0.0224039	0.077661	0.0503572	0.0381368	0.0270382	0.142748	0.0778381	0.0716984	Healthy
0.0470858	0.0938916	0.0789259	0.0484856	0.0392212	0.105523	0.0213795	0.0517434	0.0258844	0.0732502	0.0540087	0.0342072	0.030593	0.138687	0.0851362	0.0719776	Gastric_cancer
0.0499529	0.101941	0.0757358	0.0532036	0.0317634	0.107747	0.0182391	0.0527073	0.023624	0.0757854	0.049804	0.0378927	0.0288352	0.144449	0.0732294	0.0750906	Breast_Cancer
0.0506781	0.0972878	0.0764189	0.0527624	0.0329985	0.106077	0.0167755	0.0567805	0.0235811	0.0749372	0.0490457	0.0384731	0.0281015	0.145404	0.0725013	0.0781768	Healthy
0.0491787	0.0969616	0.0748555	0.0556061	0.0336298	0.105596	0.015906	0.0580082	0.0236642	0.0752775	0.0469389	0.0394404	0.0301565	0.146043	0.0732974	0.0754398	Lung_Cancer
0.0503225	0.0943547	0.0839597	0.0537609	0.0299856	0.102191	0.0187377	0.0551202	0.0230823	0.0735114	0.0509089	0.0371822	0.0281465	0.141879	0.0809745	0.0758836	Ovarian_Cancer
0.0323925	0.095788	0.0538229	0.0611104	0.0289032	0.108449	0.0150383	0.0585783	0.021523	0.074543	0.0469676	0.042768	0.0287488	0.156682	0.0838377	0.0908473	Gastric_cancer
0.0469136	0.0985854	0.0849794	0.0462963	0.032536	0.102469	0.0183385	0.0524691	0.0227881	0.0778035	0.051286	0.0371142	0.0284208	0.147042	0.0803498	0.072608	Ovarian_Cancer
0.0496013	0.100051	0.0817343	0.0530301	0.0320325	0.106943	0.0164742	0.0537226	0.0229522	0.0777023	0.0503719	0.0372708	0.0271517	0.138886	0.0780262	0.0740501	Healthy
0.0509552	0.0954947	0.0710294	0.0528372	0.0388366	0.103165	0.0184773	0.053379	0.0279441	0.0709438	0.0498717	0.035586	0.0350727	0.141403	0.0787283	0.076276	Gastric_cancer
0.05035	0.0952477	0.0826265	0.0561389	0.0302908	0.104638	0.0163234	0.0589324	0.0235258	0.0759289	0.0524367	0.0390078	0.0260164	0.134794	0.0774098	0.0763328	Bile_Duct_Cancer
0.0473232	0.104178	0.0778655	0.0491136	0.0305599	0.112305	0.0161664	0.0523784	0.0222924	0.0814639	0.047288	0.0356679	0.0266983	0.151869	0.0737757	0.0710549	Healthy
0.045157	0.0997986	0.0826758	0.0611046	0.0284539	0.103072	0.0169548	0.0614403	0.0218231	0.0714286	0.0532986	0.0433104	0.0259359	0.12842	0.0756253	0.0815008	Lung_Cancer
0.0468395	0.0938412	0.0916261	0.0507834	0.0262021	0.0994598	0.0184765	0.0495408	0.0213938	0.0711507	0.0576445	0.0377634	0.0277147	0.145003	0.0861156	0.0764452	Lung_Cancer
0.0442978	0.0981443	0.0864787	0.0460544	0.026957	0.108369	0.0191424	0.0530132	0.0217548	0.0808035	0.0556031	0.0347942	0.0236465	0.147802	0.0830331	0.0701063	Colorectal_Cancer
0.0500344	0.0943037	0.0876131	0.0488972	0.0301476	0.10147	0.0193844	0.052864	0.0225049	0.0743111	0.055059	0.0350664	0.0293278	0.141641	0.0848099	0.0725657	Healthy
0.047361	0.0979822	0.078443	0.0510397	0.0316988	0.113006	0.017887	0.0548066	0.0231959	0.0798308	0.0544541	0.036611200000000003	0.026368	0.141268	0.0749185	0.0711296	Lung_Cancer
0.049712	0.0975909	0.0810539	0.0496717	0.0318052	0.103452	0.0166177	0.0500544	0.0240503	0.0761793	0.0528341	0.036438	0.0299118	0.14545	0.0813157	0.0738629	Lung_Cancer
0.0519048	0.095506	0.0815179	0.0524405	0.0339881	0.103542	0.0175	0.054375	0.025506	0.0737202	0.0521131	0.0355952	0.029375	0.138958	0.0786905	0.0752679	Healthy
0.0485453	0.0992379	0.0809019	0.0505873	0.0290725	0.108164	0.0168624	0.0507979	0.0238306	0.080165	0.054524	0.0364195	0.02602	0.146015	0.0761863	0.0726706	Breast_Cancer
0.0390003	0.0897181	0.0680777	0.0479505	0.0530742	0.121887	0.0242131	0.059041	0.0309798	0.0794492	0.0588032	0.0399732	0.0301799	0.123919	0.0752335	0.0585005	Lung_Cancer
0.0494644	0.101884	0.0784184	0.0498083	0.0302367	0.106381	0.0161531	0.0527241	0.02258	0.0770299	0.0488958	0.0356189	0.0287424	0.152083	0.0761637	0.0738165	Healthy
0.049895	0.10189	0.0776121	0.0484947	0.0290968	0.106647	0.016412	0.0511923	0.0225691	0.0782711	0.0481652	0.0366542	0.0277995	0.156933	0.0743791	0.0739879	Healthy
0.0454641	0.103634	0.0759216	0.0513464	0.0311634	0.108052	0.0170458	0.0562092	0.0229542	0.078902	0.0487059	0.0384314	0.0240784	0.149359	0.0746928	0.0740392	Pancreatic_Cancer
0.0476218	0.0951005	0.0836243	0.0494534	0.0318242	0.105088	0.0195181	0.059842	0.0255853	0.0746952	0.0568657	0.039494	0.0264438	0.135911	0.0768416	0.0720909	Lung_Cancer
0.0477494	0.100108	0.0790727	0.0497204	0.0318239	0.109972	0.0167463	0.0537435	0.0226773	0.0791088	0.0504781	0.0361988	0.027873	0.146572	0.0765425	0.0716128	Healthy
0.0462571	0.0942763	0.0796239	0.0513391	0.0287484	0.10776	0.0182506	0.0561614	0.0224052	0.0813488	0.0516544	0.0380592	0.0256696	0.142907	0.0805141	0.0750241	Healthy
0.0434639	0.0979905	0.0853547	0.0463311	0.0291282	0.11631	0.02007	0.0533594	0.0222014	0.082792	0.056937	0.0357252	0.0236222	0.142545	0.0785801	0.0655892	Colorectal_Cancer
0.0461414	0.093872	0.0828315	0.0497379	0.0327311	0.101316	0.0204639	0.051104	0.0243114	0.0758894	0.0563734	0.0358816	0.0267648	0.145032	0.0835564	0.0739935	Healthy
0.0469243	0.0952515	0.0844147	0.0521498	0.033843	0.0998808	0.0191836	0.0535176	0.0229361	0.069159	0.0541839	0.0367539	0.0294592	0.13702	0.0851512	0.0801711	Healthy
0.0459578	0.0989072	0.0747331	0.0481685	0.0340954	0.110536	0.0171106	0.0512959	0.0241022	0.0791545	0.0529494	0.0353535	0.0275711	0.15103	0.0769618	0.072073	Healthy
0.0471828	0.088345	0.0684183	0.0497677	0.0380538	0.101826	0.0170146	0.0498004	0.0248675	0.0740462	0.054414	0.0370395	0.0350435	0.146195	0.0901119	0.0778745	Gastric_cancer
0.0470997	0.0997532	0.0790955	0.0493662	0.0302656	0.111264	0.0169725	0.054447	0.0223071	0.0805488	0.0515346	0.0367017	0.0256001	0.147337	0.0751912	0.0725153	Healthy
0.0498608	0.0981132	0.0819363	0.052923	0.0333127	0.102041	0.017476	0.0549335	0.023786	0.0763068	0.0540365	0.0383854	0.0266935	0.140241	0.0799258	0.0700278	Healthy
0.0444737	0.097447	0.0759942	0.0524715	0.0321948	0.123981	0.0184575	0.0610337	0.0256712	0.0856072	0.0552315	0.0415098	0.021045	0.130128	0.0708035	0.0639506	Colorectal_Cancer
0.0480675	0.0959554	0.0846636	0.0514551	0.0328492	0.105117	0.0172971	0.0547657	0.0245085	0.0767849	0.0548683	0.0360571	0.0272802	0.134835	0.0812503	0.0742442	Pancreatic_Cancer
0.0461436	0.104489	0.0747777	0.0475929	0.0315328	0.109914	0.0163344	0.0529398	0.0232089	0.0802812	0.0463786	0.035254	0.0270085	0.154276	0.0745623	0.0753065	Healthy
0.0447383	0.0981448	0.0708644	0.0601912	0.0334981	0.122124	0.0166275	0.0679075	0.0252957	0.084292	0.0501053	0.0452244	0.021954	0.12826099999999999	0.0615684	0.0692037	Lung_Cancer
0.0477056	0.097413	0.0810286	0.055405	0.0299045	0.103234	0.01583	0.0560825	0.0234986	0.0746227	0.0485679	0.0390206	0.0288266	0.144718	0.0774561	0.0766862	Healthy
0.0247951	0.0611292	0.0474211	0.0328995	0.0928537	0.125452	0.0407026	0.0381417	0.0442878	0.0579356	0.0871596	0.0253073	0.0547421	0.104814	0.122921	0.0394372	Gastric_cancer
0.0514383	0.0948318	0.0796824	0.0492094	0.03406	0.0971651	0.0192241	0.052309	0.025005200000000002	0.069931	0.0530403	0.035871	0.0320053	0.142126	0.0850804	0.0790207	Healthy
0.049899	0.0969816	0.0737158	0.0499296	0.0349905	0.110176	0.0175412	0.0552868	0.0230821	0.0763791	0.0486745	0.0382661	0.0311945	0.148442	0.0720015	0.0734403	Breast_Cancer
0.0494128	0.099371	0.0825546	0.0485402	0.0323237	0.108279	0.0171436	0.0524488	0.0235792	0.0760644	0.0531578	0.0346871	0.0270698	0.147366	0.0769552	0.0710468	Healthy
0.0480801	0.0926945	0.0888987	0.0485752	0.0283309	0.0991308	0.019144	0.0546265	0.0234899	0.0722852	0.0600176	0.0391682	0.0271757	0.138629	0.0844427	0.0753108	Lung_Cancer
0.0355508	0.0951192	0.0534154	0.0573093	0.0387908	0.117056	0.0198264	0.0575471	0.0229475	0.074193	0.0497295	0.0392367	0.0288925	0.152399	0.0771952	0.0807919	Gastric_cancer
0.045727	0.0998502	0.081921	0.0471995	0.0319572	0.105508	0.0182908	0.0514622	0.0223468	0.0745066	0.0523406	0.0354449	0.0288571	0.150486	0.0816627	0.0724398	Healthy
0.0441565	0.103327	0.0769738	0.050561	0.0278528	0.113271	0.0176086	0.0558555	0.0226182	0.0817885	0.0489261	0.036897	0.0257379	0.147273	0.0727592	0.074394	Gastric_cancer
0.050416	0.101026	0.08264	0.0497694	0.0292279	0.104087	0.017416	0.0526361	0.022158	0.0764107	0.0483899	0.0340777	0.029077	0.149718	0.0792775	0.0736733	Breast_Cancer
0.0504818	0.0924016	0.0772675	0.0509531	0.0342742	0.104525	0.0180928	0.0548021	0.0277283	0.0772151	0.0549853	0.0384897	0.0289066	0.136128	0.0832111	0.0705383	Bile_Duct_Cancer
0.0479518	0.0959514	0.0793932	0.0544123	0.0329728	0.10045	0.0181374	0.0580015	0.023928	0.080781	0.0516367	0.039577	0.0270387	0.135624	0.0809246	0.0732198	Lung_Cancer
0.0422701	0.0923077	0.0821097	0.0473816	0.0329241	0.116061	0.0224505	0.0605863	0.0243548	0.0831621	0.059133	0.0388123	0.023102	0.131797	0.0763718	0.0671761	Colorectal_Cancer
0.0468697	0.10197	0.0887496	0.0465498	0.025567200000000002	0.101395	0.017187	0.0469123	0.0214091	0.0755502	0.0508785	0.0337342	0.0282967	0.157753	0.0828855	0.0742921	Ovarian_Cancer
0.0469714	0.102426	0.0779465	0.0483331	0.0301143	0.109657	0.0167945	0.0505869	0.0221005	0.0789638	0.0472061	0.0349507	0.0291595	0.156456	0.074957	0.0733761	Healthy
