kmer	count
AAAAAA	0.29648
AAAAAC	0.20229
AAAAAG	0.300625
AAAAAT	0.146092
AAAACA	0.386517
AAAACC	0.42181
AAAACG	0.505725
AAAACT	0.137341
AAAAGA	0.579776
AAAAGC	0.212483
AAAAGG	0.344664
AAAAGT	0.463064
AAAATA	0.302868
AAAATC	0.172333
AAAATG	0.146514
AAAATT	0.180978
AAACAA	0.913719
AAACAC	0.712007
AAACAG	0.689329
AAACAT	0.466486
AAACCA	1.41121
AAACCC	2.30392
AAACCG	0.35138
AAACCT	1.55496
AAACGA	1.80375
AAACGC	0.329954
AAACGG	0.943821
AAACGT	1.15955
AAACTA	1.0104
AAACTC	0.63105
AAACTG	1.07651
AAACTT	0.806311
AAAGAA	0.521565
AAAGAC	0.443544
AAAGAG	0.264221
AAAGAT	0.236643
AAAGCA	0.584368
AAAGCC	0.802205
AAAGCG	0.932973
AAAGCT	1.11661
AAAGGA	0.688704
AAAGGC	0.504153
AAAGGG	0.214165
AAAGGT	0.569604
AAAGTA	0.299515
AAAGTC	0
AAAGTG	0.100956
AAAGTT	0.443544
AAATAA	0.972334
AAATAC	0.676406
AAATAG	0.464883
AAATAT	0.58255
AAATCA	0.585001
AAATCC	0.923868
AAATCG	0
AAATCT	0.387625
AAATGA	1.53849
AAATGC	0.61843
AAATGG	0.877135
AAATGT	1.01461
AAATTA	0.748591
AAATTC	0.583947
AAATTG	0.439224
AAATTT	0.450936
AACAAA	0.443545
AACAAC	0.25052
AACAAG	0
AACAAT	0
AACACA	0.35757
AACACC	0.317065
AACACG	0
AACACT	0.510495
AACAGA	0.343353
AACAGC	0.0929766
AACAGG	0.218783
AACAGT	0.102099
AACATA	0.414126
AACATC	0.115625
AACATG	0.245965
AACATT	0.269663
AACCAA	0.920278
AACCAC	0.316447
AACCAG	0.901872
AACCAT	0.483147
AACCCA	1.16444
AACCCC	0.659909
AACCCG	0.629214
AACCCT	0.751562
AACCGA	1.59154
AACCGC	0.917161
AACCGG	0
AACCGT	0.491931
AACCTA	0.865799
AACCTC	0.404831
AACCTG	0.912007
AACCTT	0.456646
AACGAA	0
AACGAC	0
AACGAG	0
AACGAT	0
AACGCA	0.346874
AACGCC	0
AACGCG	1.80374
AACGCT	1.47579
AACGGA	0.416249
AACGGC	0
AACGGG	0.483147
AACGGT	0.552167
AACGTA	0
AACGTC	0
AACGTG	0
AACGTT	1.02099
AACTAA	0.708277
AACTAC	0.458581
AACTAG	0.850827
AACTAT	0.429465
AACTCA	0.0942726
AACTCC	0.47467
AACTCG	0
AACTCT	0.284802
AACTGA	0.670124
AACTGC	0
AACTGG	0.717399
AACTGT	0.462501
AACTTA	0.157303
AACTTC	0.104869
AACTTG	0.441736
AACTTT	0.185317
AAGAAA	0.181585
AAGAAC	0.172333
AAGAAG	0.324674
AAGAAT	0.260993
AAGACA	0.190091
AAGACC	0.59903
AAGACG	0.356003
AAGACT	0.319562
AAGAGA	0.57678
AAGAGC	0.343572
AAGAGG	0.373188
AAGAGT	0.512429
AAGATA	0.478872
AAGATC	0.261413
AAGATG	0.195117
AAGATT	0.534709
AAGCAA	0.679804
AAGCAC	0.370634
AAGCAG	1.06103
AAGCAT	0.526386
AAGCCA	0.999902
AAGCCC	0.795771
AAGCCG	0.496442
AAGCCT	0.985241
AAGCGA	0.505725
AAGCGC	0.932973
AAGCGG	0
AAGCGT	0
AAGCTA	0.161049
AAGCTC	0.573628
AAGCTG	0.919386
AAGCTT	0.662601
AAGGAA	0.314151
AAGGAC	0
AAGGAG	0.277216
AAGGAT	0.219078
AAGGCA	0.390234
AAGGCC	0.413703
AAGGCG	0
AAGGCT	0.788811
AAGGGA	0.398862
AAGGGC	0.471363
AAGGGG	0.368112
AAGGGT	0.390233
AAGGTA	1.00208
AAGGTC	0.256457
AAGGTG	0.274683
AAGGTT	0
AAGTAA	0.549923
AAGTAC	0.363171
AAGTAG	0.653532
AAGTAT	0.27893
AAGTCA	0.310992
AAGTCC	0.121875
AAGTCG	0
AAGTCT	0.188545
AAGTGA	0.988356
AAGTGC	0.609718
AAGTGG	0.973245
AAGTGT	1.00208
AAGTTA	0.260156
AAGTTC	0.116121
AAGTTG	0.115625
AAGTTT	0.184056
AATAAA	0.317241
AATAAC	0
AATAAG	0
AATAAT	0
AATACA	0.224223
AATACC	0.654587
AATACG	0.659907
AATACT	0.566623
AATAGA	0.449066
AATAGC	0.571609
AATAGG	0.619606
AATAGT	0.516998
AATATA	0.110886
AATATC	0.40686
AATATG	0
AATATT	0.184056
AATCAA	0.598589
AATCAC	0.617251
AATCAG	0.852166
AATCAT	0.122983
AATCCA	0.919386
AATCCC	1.17636
AATCCG	0
AATCCT	1.95882
AATCGA	0
AATCGC	0.858928
AATCGG	0
AATCGT	0.845507
AATCTA	0.707352
AATCTC	0.237336
AATCTG	0.686705
AATCTT	0.393546
AATGAA	0.539776
AATGAC	0
AATGAG	0.322099
AATGAT	0.232242
AATGCA	0.0962856
AATGCC	1.18279
AATGCG	0
AATGCT	0.514376
AATGGA	0.610289
AATGGC	0.117636
AATGGG	0
AATGGT	0.868114
AATGTA	0.133942
AATGTC	0.141655
AATGTG	0.521985
AATGTT	0.436392
AATTAA	0.175689
AATTAC	0.329953
AATTAG	0.603483
AATTAT	0.31099
AATTCA	0.0983864
AATTCC	0.608005
AATTCG	0
AATTCT	0.22929
AATTGA	0.412023
AATTGC	0.441135
AATTGG	0.392119
AATTGT	0.255248
AATTTA	0.565635
AATTTC	0
AATTTG	0.299515
AATTTT	0.191888
ACAAAA	0.768413
ACAAAC	1.10433
ACAAAG	0.713884
ACAAAT	0.360751
ACAACA	2.01775
ACAACC	1.43916
ACAACG	1.42401
ACAACT	1.00675
ACAAGA	1.43344
ACAAGC	0.762146
ACAAGG	1.59741
ACAAGT	1.24238
ACAATA	0.621983
ACAATC	0.762146
ACAATG	0.141655
ACAATT	0.144686
ACACAA	1.04682
ACACAC	1.56621
ACACAG	1.97627
ACACAT	1.19366
ACACCA	3.98326
ACACCC	3.75986
ACACCG	1.31982
ACACCT	3.97092
ACACGA	2.67589
ACACGC	2.67222
ACACGG	2.8915
ACACGT	2.19375
ACACTA	1.85882
ACACTC	1.39465
ACACTG	1.70068
ACACTT	2.12802
ACAGAA	0.97655
ACAGAC	0.867691
ACAGAG	0.389298
ACAGAT	1.27699
ACAGCA	1.73976
ACAGCC	1.72332
ACAGCG	0.705817
ACAGCT	1.85882
ACAGGA	1.4348
ACAGGC	1.0256
ACAGGG	0.852611
ACAGGT	1.03212
ACAGTA	0.491933
ACAGTC	0.119718
ACAGTG	0.341619
ACAGTT	0.359552
ACATAA	2.52338
ACATAC	1.25116
ACATAG	0.810064
ACATAT	1.68225
ACATCA	1.37574
ACATCC	1.12374
ACATCG	0
ACATCT	0.96944
ACATGA	3.53812
ACATGC	1.0496
ACATGG	1.3782
ACATGT	2.925
ACATTA	1.00208
ACATTC	0.644196
ACATTG	1.21147
ACATTT	0.56603
ACCAAA	0.666001
ACCAAC	0.501042
ACCAAG	0.176262
ACCAAT	0.186594
ACCACA	0.521746
ACCACC	0.847545
ACCACG	0.386517
ACCACT	0.386518
ACCAGA	0.70993
ACCAGC	0.514133
ACCAGG	0.557861
ACCAGT	0.399845
ACCATA	0.178001
ACCATC	0.590318
ACCATG	0.0779719
ACCATT	0.128839
ACCCAA	1.68482
ACCCAC	1.17393
ACCCAG	1.08747
ACCCAT	1.1707
ACCCCA	1.75221
ACCCCC	1.73538
ACCCCG	0.850827
ACCCCT	2.45965
ACCCGA	0
ACCCGC	0.780471
ACCCGG	1.25426
ACCCGT	1.00208
ACCCTA	0.693748
ACCCTC	1.02546
ACCCTG	0.876552
ACCCTT	0.638119
ACCGAA	0.731249
ACCGAC	0
ACCGAG	0.487499
ACCGAT	1.42401
ACCGCA	0.872784
ACCGCC	0.731249
ACCGCG	1.10433
ACCGCT	2.18195
ACCGGA	0
ACCGGC	0
ACCGGG	0
ACCGGT	0
ACCGTA	0
ACCGTC	0.370633
ACCGTG	0
ACCGTT	0
ACCTAA	1.17636
ACCTAC	1.59154
ACCTAG	2.20866
ACCTAT	1.50312
ACCTCA	0.9059
ACCTCC	0.684967
ACCTCG	0.483149
ACCTCT	0.619608
ACCTGA	1.14945
ACCTGC	0.878448
ACCTGG	0.98281
ACCTGT	0.899567
ACCTTA	0.403823
ACCTTC	0.43639
ACCTTG	0.368112
ACCTTT	0.31099
ACGAAA	0.318309
ACGAAC	1.53148
ACGAAG	0.819886
ACGAAT	0
ACGACA	0.520312
ACGACC	0
ACGACG	0
ACGACT	1.22983
ACGAGA	0
ACGAGC	0.416249
ACGAGG	0.687872
ACGAGT	0.575664
ACGATA	0
ACGATC	0
ACGATG	0.530514
ACGATT	0
ACGCAA	1.50312
ACGCAC	1.88764
ACGCAG	0.530514
ACGCAT	0.530514
ACGCCA	2.65257
ACGCCC	1.40291
ACGCCG	0
ACGCCT	1.84475
ACGCGA	0
ACGCGC	1.93258
ACGCGG	0
ACGCGT	1.93259
ACGCTA	1.80374
ACGCTC	0.762147
ACGCTG	0.227363
ACGCTT	0.541124
ACGGAA	0.731249
ACGGAC	0.601249
ACGGAG	0.239436
ACGGAT	0.601249
ACGGCA	1.43916
ACGGCC	1.45464
ACGGCG	0
ACGGCT	0.924998
ACGGGA	0.365625
ACGGGC	0.845507
ACGGGG	0.867184
ACGGGT	0
ACGGTA	0
ACGGTC	0
ACGGTG	0.329953
ACGGTT	0
ACGTAA	1.02099
ACGTAC	1.63977
ACGTAG	1.80375
ACGTAT	4.98404
ACGTCA	0.741266
ACGTCC	0.386517
ACGTCG	0
ACGTCT	0.702759
ACGTGA	1.06103
ACGTGC	1.80374
ACGTGG	1.27969
ACGTGT	1.15133
ACGTTA	0.575664
ACGTTC	0
ACGTTG	0
ACGTTT	0.314607
ACTAAA	1.27969
ACTAAC	1.47579
ACTAAG	0.338203
ACTAAT	1.20787
ACTACA	0.932975
ACTACC	0.88709
ACTACG	0
ACTACT	2.23399
ACTAGA	0.87845
ACTAGC	0.231249
ACTAGG	0
ACTAGT	1.33942
ACTATA	0.227363
ACTATC	0
ACTATG	0.171242
ACTATT	0.197491
ACTCAA	1.30917
ACTCAC	2.47634
ACTCAG	1.4625
ACTCAT	1.92342
ACTCCA	3.209
ACTCCC	5.48967
ACTCCG	1.53728
ACTCCT	3.95769
ACTCGA	1.22983
ACTCGC	3.00624
ACTCGG	1.62337
ACTCGT	1.10433
ACTCTA	0.334028
ACTCTC	0.520312
ACTCTG	0.659907
ACTCTT	1.02486
ACTGAA	0.954924
ACTGAC	1.21147
ACTGAG	0.444759
ACTGAT	0.594644
ACTGCA	0.838231
ACTGCC	2.40714
ACTGCG	0.788043
ACTGCT	1.73995
ACTGGA	0.943821
ACTGGC	1.55495
ACTGGG	0.778595
ACTGGT	1.92277
ACTGTA	0.923868
ACTGTC	0.528442
ACTGTG	0.308157
ACTGTT	0.494178
ACTTAA	1.86101
ACTTAC	1.79181
ACTTAG	1.30616
ACTTAT	1.04062
ACTTCA	0.700486
ACTTCC	1.00831
ACTTCG	1.28839
ACTTCT	1.07563
ACTTGA	1.28839
ACTTGC	1.86594
ACTTGG	1.84917
ACTTGT	1.70881
ACTTTA	0.765742
ACTTTC	0.659907
ACTTTG	0.542481
ACTTTT	0.348662
AGAAAA	0.248223
AGAAAC	0.36317
AGAAAG	0.406582
AGAAAT	0.169454
AGAACA	0.423857
AGAACC	0.94783
AGAACG	0.887089
AGAACT	0.612923
AGAAGA	0.731249
AGAAGC	0.509295
AGAAGG	0.721499
AGAAGT	0.593708
AGAATA	0.434639
AGAATC	0.19121
AGAATG	0.413071
AGAATT	0.168574
AGACAA	1.19636
AGACAC	0.981315
AGACAG	1.07153
AGACAT	0.748963
AGACCA	2.38894
AGACCC	3.70864
AGACCG	0.520312
AGACCT	2.61509
AGACGA	4.7467
AGACGC	1.27324
AGACGG	1.22288
AGACGT	2.17693
AGACTA	1.05414
AGACTC	0.90489
AGACTG	0.786517
AGACTT	0.947495
AGAGAA	0.54958
AGAGAC	0.71357
AGAGAG	0.582271
AGAGAT	0.444759
AGAGCA	1.3169
AGAGCC	0.642496
AGAGCG	0.397885
AGAGCT	0.588178
AGAGGA	0.997265
AGAGGC	0.936562
AGAGGG	0.627996
AGAGGT	0.563671
AGAGTA	0.676407
AGAGTC	0.56367
AGAGTG	0.207063
AGAGTT	0.175689
AGATAA	1.01885
AGATAC	0.483147
AGATAG	1.47245
AGATAT	1.0128
AGATCA	0.516998
AGATCC	0.331978
AGATCG	0.525362
AGATCT	0.233243
AGATGA	1.33461
AGATGC	0.810676
AGATGG	0.949342
AGATGT	1.34441
AGATTA	0.320192
AGATTC	0.332658
AGATTG	0.401825
AGATTT	0.386518
AGCAAA	0.471127
AGCAAC	0.434639
AGCAAG	0.43522
AGCAAT	0.348363
AGCACA	0.575665
AGCACC	0.520311
AGCACG	0
AGCACT	0.742961
AGCAGA	0.336799
AGCAGC	0.354006
AGCAGG	0.447951
AGCAGT	0.178589
AGCATA	0.189205
AGCATC	0.106103
AGCATG	0.374482
AGCATT	0.205751
AGCCAA	1.82294
AGCCAC	0.840504
AGCCAG	0.756505
AGCCAT	0.860444
AGCCCA	1.52286
AGCCCC	1.77418
AGCCCG	0.209739
AGCCCT	1.96773
AGCCGA	0.496442
AGCCGC	0.949341
AGCCGG	0.640384
AGCCGT	1.04062
AGCCTA	0.966293
AGCCTC	0.46515
AGCCTG	0.733231
AGCCTT	0.735669
AGCGAA	0
AGCGAC	0
AGCGAG	0.172333
AGCGAT	0.334027
AGCGCA	0
AGCGCC	0.922371
AGCGCG	0
AGCGCT	1.40552
AGCGGA	0.762147
AGCGGC	0.273295
AGCGGG	0.229291
AGCGGT	0.45858
AGCGTA	0
AGCGTC	0
AGCGTG	0.204972
AGCGTT	0.466487
AGCTAA	0.617721
AGCTAC	0.56367
AGCTAG	0.922371
AGCTAT	1.52191
AGCTCA	0.265778
AGCTCC	0.353215
AGCTCG	0
AGCTCT	0.607247
AGCTGA	1.04298
AGCTGC	0.802062
AGCTGG	1.0887
AGCTGT	0.82566
AGCTTA	0.189205
AGCTTC	0.283312
AGCTTG	0.508575
AGCTTT	0.742397
AGGAAA	0.395462
AGGAAC	0.45703
AGGAAG	0.270072
AGGAAT	0
AGGACA	0.380003
AGGACC	0.590318
AGGACG	0
AGGACT	0.912009
AGGAGA	0.589094
AGGAGC	0.321332
AGGAGG	0.342483
AGGAGT	0.198943
AGGATA	0.501042
AGGATC	0.117636
AGGATG	0.109318
AGGATT	0.117127
AGGCAA	0.788046
AGGCAC	1.24238
AGGCAG	1.11444
AGGCAT	0.746951
AGGCCA	1.71374
AGGCCC	2.03059
AGGCCG	0.676404
AGGCCT	2.33617
AGGCGA	1.18929
AGGCGC	0.189205
AGGCGG	0.595952
AGGCGT	1.87182
AGGCTA	1.93259
AGGCTC	1.07686
AGGCTG	0.67453
AGGCTT	0.24975
AGGGAA	0.633636
AGGGAC	0.326964
AGGGAG	0.24302
AGGGAT	0.72797
AGGGCA	0.545977
AGGGCC	0.63323
AGGGCG	0.267885
AGGGCT	1.04062
AGGGGA	0.564741
AGGGGC	0.782618
AGGGGG	0.407882
AGGGGT	0.553781
AGGGTA	0
AGGGTC	0.386518
AGGGTG	0.0633636
AGGGTT	1.02274
AGGTAA	0.525366
AGGTAC	0.619606
AGGTAG	0.925002
AGGTAT	0.907927
AGGTCA	0.542673
AGGTCC	0.560752
AGGTCG	1.83432
AGGTCT	0.463292
AGGTGA	1.2711
AGGTGC	0.937951
AGGTGG	1.11771
AGGTGT	0.341619
AGGTTA	0
AGGTTC	0.312187
AGGTTG	0.248222
AGGTTT	0.165989
AGTAAA	0.590318
AGTAAC	0.559782
AGTAAG	0.145463
AGTAAT	0.178001
AGTACA	0.795771
AGTACC	1.40918
AGTACG	0
AGTACT	1.00956
AGTAGA	0.767554
AGTAGC	0.0864415
AGTAGG	1.29721
AGTAGT	0.208125
AGTATA	0.221772
AGTATC	0.200417
AGTATG	0.19606
AGTATT	0.14625
AGTCAA	0.946964
AGTCAC	0.994712
AGTCAG	1.42819
AGTCAT	1.14862
AGTCCA	2.81835
AGTCCC	3.56429
AGTCCG	1.50312
AGTCCT	2.45966
AGTCGA	3.7319
AGTCGC	0.575664
AGTCGG	1.08225
AGTCGT	3.86518
AGTCTA	0.718307
AGTCTC	0.304003
AGTCTG	0.992062
AGTCTT	0.626785
AGTGAA	0.287833
AGTGAC	0.863497
AGTGAG	0.459358
AGTGAT	0.898133
AGTGCA	0.935455
AGTGCC	2.17693
AGTGCG	0
AGTGCT	1.02898
AGTGGA	0.980889
AGTGGC	1.00441
AGTGGG	0.968455
AGTGGT	1.43239
AGTGTA	0.534004
AGTGTC	0.470543
AGTGTG	0.50104
AGTGTT	0.46171
AGTTAA	0.461186
AGTTAC	1.06102
AGTTAG	0.850827
AGTTAT	0.668058
AGTTCA	0.442095
AGTTCC	0.958686
AGTTCG	0
AGTTCT	0.527068
AGTTGA	1.37152
AGTTGC	1.02375
AGTTGG	0.868776
AGTTGT	1.08224
AGTTTA	0.807648
AGTTTC	0.209197
AGTTTG	0.0976758
AGTTTT	0.189204
ATAAAA	0.774511
ATAAAC	0.683239
ATAAAG	0.665315
ATAAAT	0.632483
ATAACA	1.09873
ATAACC	1.65229
ATAACG	0.901875
ATAACT	1.46251
ATAAGA	1.17636
ATAAGC	0.872784
ATAAGG	1.21147
ATAAGT	1.23921
ATAATA	0.47972
ATAATC	0.55595
ATAATG	0.151152
ATAATT	0.219078
ATACAA	2.0959
ATACAC	1.33795
ATACAG	2.12206
ATACAT	1.1919
ATACCA	2.43019
ATACCC	5.03373
ATACCG	1.12734
ATACCT	3.23058
ATACGA	2.00417
ATACGC	1.2025
ATACGG	0
ATACGT	0.773036
ATACTA	2.20458
ATACTC	1.61874
ATACTG	1.79048
ATACTT	1.21147
ATAGAA	0.665315
ATAGAC	0.894424
ATAGAG	0.954927
ATAGAT	0.429465
ATAGCA	1.68146
ATAGCC	2.45966
ATAGCG	0
ATAGCT	1.14322
ATAGGA	0.55595
ATAGGC	1.15625
ATAGGG	0.644198
ATAGGT	1.16622
ATAGTA	0.436391
ATAGTC	0.943821
ATAGTG	0
ATAGTT	0.368111
ATATAA	1.23544
ATATAC	1.61529
ATATAG	1.67605
ATATAT	0.907373
ATATCA	0.946023
ATATCC	1.60731
ATATCG	1.35281
ATATCT	1.25426
ATATGA	2.45966
ATATGC	2.76083
ATATGG	1.04734
ATATGT	1.88764
ATATTA	0.803649
ATATTC	0.329953
ATATTG	0.537542
ATATTT	0.337359
ATCAAA	0.866571
ATCAAC	0.370634
ATCAAG	0.312789
ATCAAT	0
ATCACA	0.980889
ATCACC	1.62337
ATCACG	0.535769
ATCACT	0.975796
ATCAGA	0.914061
ATCAGC	0.812845
ATCAGG	0.11919
ATCAGT	0.477464
ATCATA	0.872781
ATCATC	0.143154
ATCATG	0.265257
ATCATT	0.468508
ATCCAA	1.45463
ATCCAC	0.945198
ATCCAG	0.981881
ATCCAT	2.11077
ATCCCA	2.00416
ATCCCC	1.8789
ATCCCG	1.80375
ATCCCT	2.01735
ATCCGA	0.901875
ATCCGC	1.71786
ATCCGG	1.69101
ATCCGT	1.42401
ATCCTA	3.14608
ATCCTC	1.1691
ATCCTG	2.01801
ATCCTT	1.1651
ATCGAA	1.25843
ATCGAC	1.35281
ATCGAG	0
ATCGAT	1.17636
ATCGCA	0.530514
ATCGCC	1.2025
ATCGCG	0
ATCGCT	1.27324
ATCGGA	1.28839
ATCGGC	0.676406
ATCGGG	0.712007
ATCGGT	1.35281
ATCGTA	0
ATCGTC	0.659907
ATCGTG	0
ATCGTT	0
ATCTAA	1.11408
ATCTAC	0.665316
ATCTAG	0.894424
ATCTAT	0.926584
ATCTCA	0.79577
ATCTCC	0.762149
ATCTCG	0.267885
ATCTCT	0.60125
ATCTGA	1.91888
ATCTGC	1.91306
ATCTGG	0.974023
ATCTGT	1.30616
ATCTTA	0.154607
ATCTTC	0.307458
ATCTTG	0.402323
ATCTTT	0.159154
ATGAAA	0.620038
ATGAAC	0.765742
ATGAAG	0.308334
ATGAAT	0.241573
ATGACA	0.789964
ATGACC	1.17635
ATGACG	0.588178
ATGACT	1.25843
ATGAGA	0.887087
ATGAGC	0.208125
ATGAGG	0.309215
ATGAGT	0.379292
ATGATA	0.159155
ATGATC	0.165989
ATGATG	0.204972
ATGATT	0.527927
ATGCAA	1.24526
ATGCAC	2.57678
ATGCAG	1.20428
ATGCAT	0.641141
ATGCCA	2.03995
ATGCCC	2.40986
ATGCCG	0.644196
ATGCCT	3.22299
ATGCGA	1.00208
ATGCGC	1.25843
ATGCGG	0.365625
ATGCGT	1.89868
ATGCTA	0.789966
ATGCTC	0.533127
ATGCTG	0.836007
ATGCTT	0.422755
ATGGAA	0.781408
ATGGAC	0.655911
ATGGAG	0.815392
ATGGAT	0.912004
ATGGCA	0.567613
ATGGCC	1.13206
ATGGCG	0.788043
ATGGCT	0.875923
ATGGGA	0.982239
ATGGGC	0.578125
ATGGGG	0.621332
ATGGGT	1.23544
ATGGTA	0.712007
ATGGTC	0.640384
ATGGTG	0.395944
ATGGTT	0.140188
ATGTAA	1.10434
ATGTAC	1.71786
ATGTAG	1.30217
ATGTAT	1.34534
ATGTCA	1.03268
ATGTCC	0.363171
ATGTCG	0
ATGTCT	0.787093
ATGTGA	1.83596
ATGTGC	1.71785
ATGTGG	1.44944
ATGTGT	1.86594
ATGTTA	0.72343
ATGTTC	0.515357
ATGTTG	0.56367
ATGTTT	0.563671
ATTAAA	0.489388
ATTAAC	0.208125
ATTAAG	0.640384
ATTAAT	0.768644
ATTACA	0.654587
ATTACC	1.69102
ATTACG	0
ATTACT	1.54118
ATTAGA	0.777478
ATTAGC	1.37152
ATTAGG	0.65991
ATTAGT	0.773035
ATTATA	0.673597
ATTATC	0.378409
ATTATG	0
ATTATT	0.418827
ATTCAA	1.94896
ATTCAC	1.77003
ATTCAG	1.27439
ATTCAT	1.89039
ATTCCA	3.11708
ATTCCC	2.51341
ATTCCG	2.38731
ATTCCT	3.71862
ATTCGA	5.41123
ATTCGC	1.35281
ATTCGG	3.29954
ATTCGT	4.73483
ATTCTA	0.612132
ATTCTC	0.680186
ATTCTG	0.527927
ATTCTT	1.21147
ATTGAA	2.1117
ATTGAC	2.23144
ATTGAG	0.422752
ATTGAT	0.813721
ATTGCA	1.34719
ATTGCC	2.09467
ATTGCG	0
ATTGCT	2.20225
ATTGGA	1.66134
ATTGGC	1.51514
ATTGGG	1.34441
ATTGGT	2.03848
ATTGTA	0.394982
ATTGTC	0.901872
ATTGTG	0.397886
ATTGTT	0.593339
ATTTAA	0.66714
ATTTAC	0.991586
ATTTAG	0.409943
ATTTAT	2.21647
ATTTCA	0.557861
ATTTCC	0.559784
ATTTCG	0.552167
ATTTCT	0.769893
ATTTGA	1.38513
ATTTGC	1.24008
ATTTGG	1.14468
ATTTGT	1.1081
ATTTTA	0.269484
ATTTTC	0.190537
ATTTTG	0.274683
ATTTTT	0.32002
CAAAAA	0.605454
CAAAAC	0.519065
CAAAAG	0.514133
CAAAAT	0
CAAACA	0.542673
CAAACC	1.23357
CAAACG	0
CAAACT	0.994712
CAAAGA	0.96139
CAAAGC	0.729278
CAAAGG	0.668973
CAAAGT	0.550919
CAAATA	0.601249
CAAATC	0.491933
CAAATG	0.251296
CAAATT	0.271467
CAACAA	2.06453
CAACAC	1.12344
CAACAG	1.58663
CAACAT	1.71929
CAACCA	3.02795
CAACCC	3.2375
CAACCG	0.659907
CAACCT	2.35272
CAACGA	1.2025
CAACGC	3.313
CAACGG	1.02099
CAACGT	4.09943
CAACTA	2.13041
CAACTC	1.34163
CAACTG	1.44944
CAACTT	0.945198
CAAGAA	0.483146
CAAGAC	0.819885
CAAGAG	0.685932
CAAGAT	0.271467
CAAGCA	0.941085
CAAGCC	1.30616
CAAGCG	1.40918
CAAGCT	0.636615
CAAGGA	1.04371
CAAGGC	0.69375
CAAGGG	0.853509
CAAGGT	0.64165
CAAGTA	0.147848
CAAGTC	0.541124
CAAGTG	0.251296
CAAGTT	0.266563
CAATAA	1.31625
CAATAC	0.325978
CAATAG	2.61068
CAATAT	1.53511
CAATCA	0.60125
CAATCC	1.71483
CAATCG	0
CAATCT	0.7643
CAATGA	1.83193
CAATGC	1.82813
CAATGG	1.85122
CAATGT	1.80374
CAATTA	0.61029
CAATTC	0.693751
CAATTG	0.563671
CAATTT	0.317065
CACAAA	0.24375
CACAAC	0.104062
CACAAG	0.753889
CACAAT	0.126431
CACACA	0.275459
CACACC	0.304572
CACACG	0.336102
CACACT	0.142401
CACAGA	0.315655
CACAGC	0.129044
CACAGG	0.523911
CACAGT	0.324415
CACATA	0.233243
CACATC	0.255248
CACATG	0.268549
CACATT	0
CACCAA	1.36132
CACCAC	0.526544
CACCAG	1.38159
CACCAT	0.897601
CACCCA	0.974999
CACCCC	1.01334
CACCCG	0.94934
CACCCT	0.633636
CACCGA	0.608005
CACCGC	0.474671
CACCGG	1.86594
CACCGT	0.318309
CACCTA	1.23544
CACCTC	0.683731
CACCTG	1.16866
CACCTT	0.757877
CACGAA	0
CACGAC	0
CACGAG	0
CACGAT	0
CACGCA	0.21997
CACGCC	0.23125
CACGCG	0
CACGCT	0
CACGGA	0.260157
CACGGC	0.307458
CACGGG	0.213041
CACGGT	0
CACGTA	0
CACGTC	0.221772
CACGTG	0.136648
CACGTT	0.54659
CACTAA	0.360749
CACTAC	0.8325
CACTAG	0.95944
CACTAT	1.05688
CACTCA	0.453093
CACTCC	0.434388
CACTCG	0
CACTCT	0.348662
CACTGA	0.941085
CACTGC	0.644195
CACTGG	0.804877
CACTGT	0.811108
CACTTA	0.443544
CACTTC	0.374913
CACTTG	0.570461
CACTTT	0.235784
CAGAAA	0.128228
CAGAAC	0.555404
CAGAAG	0.356672
CAGAAT	0.261834
CAGACA	0.524798
CAGACC	0.240857
CAGACG	0.443544
CAGACT	0.358361
CAGAGA	0.516175
CAGAGC	0.218548
CAGAGG	0.45409
CAGAGT	0.408175
CAGATA	0
CAGATC	0.215588
CAGATG	0.411724
CAGATT	0
CAGCAA	1.23922
CAGCAC	0.973245
CAGCAG	1.01602
CAGCAT	0.465149
CAGCCA	1.42401
CAGCCC	1.59372
CAGCCG	1.57101
CAGCCT	0.994528
CAGCGA	1.21875
CAGCGC	0.932975
CAGCGG	0.567614
CAGCGT	0.852166
CAGCTA	1.05964
CAGCTC	0.513135
CAGCTG	0.741267
CAGCTT	0.937592
CAGGAA	0.323147
CAGGAC	0.63105
CAGGAG	0.286309
CAGGAT	0.141655
CAGGCA	0.760456
CAGGCC	0.660982
CAGGCG	0.377091
CAGGCT	0.692861
CAGGGA	0.851107
CAGGGC	0.466486
CAGGGG	0.568607
CAGGGT	0.379546
CAGGTA	0.755057
CAGGTC	0.366865
CAGGTG	0.143344
CAGGTT	0.256863
CAGTAA	1.00208
CAGTAC	0.649348
CAGTAG	0.533127
CAGTAT	0.185317
CAGTCA	0.269663
CAGTCC	0.202669
CAGTCG	0
CAGTCT	0.644193
CAGTGA	1.57609
CAGTGC	0.627392
CAGTGG	0.983086
CAGTGT	0.999438
CAGTTA	0.877498
CAGTTC	0.20343
CAGTTG	0.693749
CAGTTT	0.259533
CATAAA	0.103663
CATAAC	0
CATAAG	0.588179
CATAAT	0.161049
CATACA	0.298965
CATACC	0.644198
CATACG	0
CATACT	0.807647
CATAGA	0.712007
CATAGC	0.579777
CATAGG	0.368111
CATAGT	0
CATATA	0.349112
CATATC	0
CATATG	0.158224
CATATT	0.555002
CATCAA	1.36993
CATCAC	1.70881
CATCAG	0.577419
CATCAT	1.90985
CATCCA	2.60675
CATCCC	2.70563
CATCCG	1.55496
CATCCT	2.84497
CATCGA	2.1645
CATCGC	0.983862
CATCGG	0.676406
CATCGT	1.08225
CATCTA	1.10112
CATCTC	0.464486
CATCTG	0.644195
CATCTT	0.932972
CATGAA	0.554051
CATGAC	0.309213
CATGAG	0.159624
CATGAT	0.365624
CATGCA	1.13523
CATGCC	1.46458
CATGCG	0.651957
CATGCT	1.04464
CATGGA	0.860444
CATGGC	0.347991
CATGGG	0.462499
CATGGT	0.701748
CATGTA	0.800479
CATGTC	0.37578
CATGTG	0.442336
CATGTT	0.433593
CATTAA	0.991586
CATTAC	1.34163
CATTAG	0.890007
CATTAT	0.298965
CATTCA	1.09018
CATTCC	0.653532
CATTCG	1.15133
CATTCT	0.92805
CATTGA	0.943819
CATTGC	0.966295
CATTGG	1.58224
CATTGT	1.10434
CATTTA	0.424078
CATTTC	0.568408
CATTTG	0.252077
CATTTT	0.308458
CCAAAA	0.87044
CCAAAC	1.12309
CCAAAG	0.728222
CCAAAT	0.287832
CCAACA	1.44944
CCAACC	1.75263
CCAACG	0.901874
CCAACT	1.72962
CCAAGA	1.03268
CCAAGC	0.952684
CCAAGG	0.720624
CCAAGT	0.767554
CCAATA	0.737898
CCAATC	0.909454
CCAATG	0.356003
CCAATT	0
CCACAA	3.06887
CCACAC	2.02669
CCACAG	2.00039
CCACAT	1.39216
CCACCA	3.33358
CCACCC	5.84447
CCACCG	1.97012
CCACCT	3.99785
CCACGA	3.96513
CCACGC	2.00416
CCACGG	2.56959
CCACGT	3.21293
CCACTA	1.10433
CCACTC	1.48933
CCACTG	2.55998
CCACTT	1.10584
CCAGAA	0.747114
CCAGAC	1.41163
CCAGAG	0.868115
CCAGAT	0.581853
CCAGCA	1.83432
CCAGCC	2.62219
CCAGCG	1.2025
CCAGCT	1.86469
CCAGGA	1.07429
CCAGGC	1.37773
CCAGGG	1.11902
CCAGGT	1.60456
CCAGTA	0.349112
CCAGTC	0.575664
CCAGTG	0.807646
CCAGTT	0.888708
CCATAA	3.08235
CCATAC	2.66126
CCATAG	1.18495
CCATAT	2.88304
CCATCA	1.6115
CCATCC	1.53979
CCATCG	2.04971
CCATCT	2.38907
CCATGA	2.76084
CCATGC	3.21006
CCATGG	2.85231
CCATGT	2.06852
CCATTA	0.386518
CCATTC	0.779396
CCATTG	0.401825
CCATTT	0.749669
CCCAAA	0.514376
CCCAAC	0.486623
CCCAAG	0.227363
CCCAAT	0.213041
CCCACA	0.663142
CCCACC	0.639388
CCCACG	0.144686
CCCACT	0.596829
CCCAGA	0.733581
CCCAGC	0.311589
CCCAGG	0.599117
CCCAGT	0.395944
CCCATA	0.194649
CCCATC	0.27893
CCCATG	0.247466
CCCATT	0.100956
CCCCAA	1.7101
CCCCAC	1.62989
CCCCAG	1.30466
CCCCAT	1.43386
CCCCCA	2.73082
CCCCCC	2.21457
CCCCCG	0.441135
CCCCCT	2.81385
CCCCGA	2.11376
CCCCGC	0.983866
CCCCGG	0.954927
CCCCGT	1.40755
CCCCTA	1.92115
CCCCTC	0.521223
CCCCTG	1.21656
CCCCTT	1.25843
CCCGAA	0
CCCGAC	0.721499
CCCGAG	0.304002
CCCGAT	0.541124
CCCGCA	1.52737
CCCGCC	1.86595
CCCGCG	0
CCCGCT	0.614915
CCCGGA	0.237335
CCCGGC	0.979412
CCCGGG	0.449066
CCCGGT	0.693749
CCCGTA	0.659907
CCCGTC	0.654587
CCCGTG	0.189205
CCCGTT	0.386517
CCCTAA	1.10112
CCCTAC	1.4758
CCCTAG	1.81305
CCCTAT	2.25468
CCCTCA	0.916124
CCCTCC	0.606301
CCCTCG	0.353675
CCCTCT	0.809374
CCCTGA	1.19273
CCCTGC	1.4124
CCCTGG	1.23733
CCCTGT	2.41874
CCCTTA	0.501042
CCCTTC	0.245966
CCCTTG	0.988765
CCCTTT	0.684006
CCGAAA	0.575664
CCGAAC	0
CCGAAG	0.741266
CCGAAT	0
CCGACA	0.563672
CCGACC	1.59154
CCGACG	0
CCGACT	0
CCGAGA	0.392119
CCGAGC	0.239436
CCGAGG	0.697324
CCGAGT	0.257678
CCGATA	0
CCGATC	0
CCGATG	0.450937
CCGATT	0.845507
CCGCAA	1.48253
CCGCAC	0.644196
CCGCAG	0.773033
CCGCAT	0.483147
CCGCCA	2.93634
CCGCCC	3.25808
CCGCCG	0
CCGCCT	1.71967
CCGCGA	2.89888
CCGCGC	1.84474
CCGCGG	0.443545
CCGCGT	0
CCGCTA	1.00208
CCGCTC	0
CCGCTG	0.655911
CCGCTT	1.01461
CCGGAA	0.257678
CCGGAC	0.94934
CCGGAG	0.470544
CCGGAT	0
CCGGCA	1.02099
CCGGCC	1.33795
CCGGCG	1.12734
CCGGCT	1.08225
CCGGGA	1.10433
CCGGGC	0.650389
CCGGGG	0.443544
CCGGGT	1.04869
CCGGTA	0
CCGGTC	0
CCGGTG	0.255246
CCGGTT	0
CCGTAA	0
CCGTAC	1.93258
CCGTAG	2.925
CCGTAT	1.93258
CCGTCA	1.56848
CCGTCC	0.314607
CCGTCG	1.80375
CCGTCT	0.45858
CCGTGA	2.70562
CCGTGC	1.22983
CCGTGG	1.78214
CCGTGT	1.40291
CCGTTA	0
CCGTTC	0
CCGTTG	0
CCGTTT	0.310991
CCTAAA	0.535767
CCTAAC	0.952681
CCTAAG	0.71958
CCTAAT	0.466487
CCTACA	2.14113
CCTACC	1.72417
CCTACG	1.56094
CCTACT	1.6565
CCTAGA	1.18929
CCTAGC	1.21601
CCTAGG	0.527927
CCTAGT	2.1997
CCTATA	0
CCTATC	0.255246
CCTATG	0
CCTATT	0.852166
CCTCAA	2.75022
CCTCAC	3.10198
CCTCAG	2.03406
CCTCAT	2.69813
CCTCCA	4.30343
CCTCCC	6.31147
CCTCCG	2.51341
CCTCCT	4.89558
CCTCGA	2.925
CCTCGC	3.80129
CCTCGG	1.37341
CCTCGT	3.2854
CCTCTA	1.36418
CCTCTC	1.31625
CCTCTG	1.42008
CCTCTT	1.94562
CCTGAA	1.15748
CCTGAC	1.50676
CCTGAG	0.676405
CCTGAT	0.480999
CCTGCA	1.43155
CCTGCC	3.0624
CCTGCG	1.08225
CCTGCT	2.05048
CCTGGA	2.12206
CCTGGC	1.35978
CCTGGG	1.09519
CCTGGT	1.5524
CCTGTA	0.570273
CCTGTC	0.490939
CCTGTG	0.626642
CCTGTT	1.09392
CCTTAA	2.29568
CCTTAC	1.82813
CCTTAG	2.52076
CCTTAT	2.67002
CCTTCA	1.23333
CCTTCC	1.98183
CCTTCG	1.19366
CCTTCT	1.70068
CCTTGA	2.05378
CCTTGC	3.66696
CCTTGG	2.20305
CCTTGT	3.12531
CCTTTA	1.30917
CCTTTC	0.786135
CCTTTG	0.914574
CCTTTT	1.23872
CGAAAA	0
CGAAAC	0
CGAAAG	0
CGAAAT	0
CGAACA	0
CGAACC	1.12734
CGAACG	0
CGAACT	0
CGAAGA	0
CGAAGC	1.71786
CGAAGG	0.581854
CGAAGT	0
CGAATA	0
CGAATC	0
CGAATG	1.12734
CGAATT	0
CGACAA	1.59154
CGACAC	1.17636
CGACAG	1.60731
CGACAT	0
CGACCA	1.69101
CGACCC	2.84802
CGACCG	1.59155
CGACCT	3.32268
CGACGA	2.45966
CGACGC	0
CGACGG	1.12734
CGACGT	6.76407
CGACTA	5.41124
CGACTC	0.966294
CGACTG	0.575664
CGACTT	1.28839
CGAGAA	1.1119
CGAGAC	0.680663
CGAGAG	0.426082
CGAGAT	0.608005
CGAGCA	0
CGAGCC	1.50312
CGAGCG	0
CGAGCT	0.684968
CGAGGA	1.6469
CGAGGC	1.12734
CGAGGG	0.501041
CGAGGT	0.400833
CGAGTA	0
CGAGTC	0
CGAGTG	0.693749
CGAGTT	0
CGATAA	1.00208
CGATAC	1.12734
CGATAG	0
CGATAT	1.42401
CGATCA	0
CGATCC	1.4625
CGATCG	0
CGATCT	0.751561
CGATGA	2.04198
CGATGC	0.530514
CGATGG	0.94934
CGATGT	3.29954
CGATTA	2.70562
CGATTC	0.409943
CGATTG	0
CGATTT	0
CGCAAA	0
CGCAAC	0
CGCAAG	1.12734
CGCAAT	0
CGCACA	0.267885
CGCACC	0.510493
CGCACG	0.819884
CGCACT	0.795771
CGCAGA	0
CGCAGC	0.229291
CGCAGG	0.791118
CGCAGT	0.891963
CGCATA	0
CGCATC	0.443545
CGCATG	0
CGCATT	0.751561
CGCCAA	0.510495
CGCCAC	0.680663
CGCCAG	0.983866
CGCCAT	0.581854
CGCCCA	1.15955
CGCCCC	0.486039
CGCCCG	0.409943
CGCCCT	0.983866
CGCCGA	0
CGCCGC	0.659907
CGCCGG	0.795771
CGCCGT	0.872781
CGCCTA	1.42401
CGCCTC	0.887087
CGCCTG	1.20007
CGCCTT	0
CGCGAA	0
CGCGAC	0
CGCGAG	0
CGCGAT	0
CGCGCA	1.42401
CGCGCC	0
CGCGCG	0
CGCGCT	0
CGCGGA	0
CGCGGC	0.773036
CGCGGG	0.530514
CGCGGT	0
CGCGTA	6.76406
CGCGTC	0
CGCGTG	0
CGCGTT	0
CGCTAA	2.57678
CGCTAC	0
CGCTAG	1.08225
CGCTAT	0
CGCTCA	0.267885
CGCTCC	0.644196
CGCTCG	0
CGCTCT	0.422752
CGCTGA	0.751561
CGCTGC	0.583946
CGCTGG	0
CGCTGT	0.563671
CGCTTA	0
CGCTTC	0
CGCTTG	0.819885
CGCTTT	0.381073
CGGAAA	0
CGGAAC	0
CGGAAG	0
CGGAAT	0
CGGACA	0.588178
CGGACC	0
CGGACG	1.22983
CGGACT	1.80375
CGGAGA	0
CGGAGC	0
CGGAGG	0.324026
CGGAGT	0.300625
CGGATA	1.28839
CGGATC	0.466487
CGGATG	0
CGGATT	0
CGGCAA	0
CGGCAC	0.552168
CGGCAG	1.57101
CGGCAT	1.26826
CGGCCA	0.994712
CGGCCC	1.97972
CGGCCG	0.614914
CGGCCT	0.760004
CGGCGA	0
CGGCGC	0
CGGCGG	0
CGGCGT	1.69101
CGGCTA	0
CGGCTC	0.648053
CGGCTG	0.762146
CGGCTT	0.712004
CGGGAA	0.281835
CGGGAC	0
CGGGAG	0.245966
CGGGAT	0
CGGGCA	0.52707
CGGGCC	0.284802
CGGGCG	0.608005
CGGGCT	1.01145
CGGGGA	1.09688
CGGGGC	0.154607
CGGGGG	0.142401
CGGGGT	0.162013
CGGGTA	0
CGGGTC	0
CGGGTG	0.336102
CGGGTT	0.307457
CGGTAA	0
CGGTAC	0
CGGTAG	0
CGGTAT	0
CGGTCA	0.45858
CGGTCC	0
CGGTCG	1.42401
CGGTCT	0.43639
CGGTGA	1.42401
CGGTGC	1.25843
CGGTGG	0.974999
CGGTGT	0.325978
CGGTTA	0
CGGTTC	0
CGGTTG	0
CGGTTT	0
CGTAAA	0
CGTAAC	0
CGTAAG	0
CGTAAT	0
CGTACA	0
CGTACC	2.16449
CGTACG	0
CGTACT	0
CGTAGA	0.588178
CGTAGC	0.731249
CGTAGG	0
CGTAGT	0
CGTATA	0
CGTATC	0.819884
CGTATG	0
CGTATT	1.17636
CGTCAA	2.61834
CGTCAC	0.629214
CGTCAG	0.525362
CGTCAT	1.89868
CGTCCA	1.77418
CGTCCC	3.68948
CGTCCG	1.04062
CGTCCT	3.24674
CGTCGA	4.50935
CGTCGC	1.80374
CGTCGG	0
CGTCGT	1.12734
CGTCTA	0
CGTCTC	0.60125
CGTCTG	0.211376
CGTCTT	1.7569
CGTGAA	0
CGTGAC	0.552168
CGTGAG	0.154607
CGTGAT	0.676406
CGTGCA	2.45966
CGTGCC	0.541123
CGTGCG	0
CGTGCT	2.2137
CGTGGA	0.863496
CGTGGC	0.87845
CGTGGG	0.541124
CGTGGT	0.8325
CGTGTA	0
CGTGTC	0
CGTGTG	0.15286
CGTGTT	0.608005
CGTTAA	1.63977
CGTTAC	2.45966
CGTTAG	1.3875
CGTTAT	0
CGTTCA	0.773034
CGTTCC	0.47467
CGTTCG	4.91932
CGTTCT	0
CGTTGA	0.588178
CGTTGC	1.59154
CGTTGG	1.00208
CGTTGT	0.94934
CGTTTA	0.731249
CGTTTC	0
CGTTTG	0
CGTTTT	0.828252
CTAAAA	0.746377
CTAAAC	1.47245
CTAAAG	0.581854
CTAAAT	0.960574
CTAACA	2.11613
CTAACC	1.24601
CTAACG	0
CTAACT	1.90239
CTAAGA	0.897596
CTAAGC	1.76105
CTAAGG	1.02931
CTAAGT	1.79181
CTAATA	0.634128
CTAATC	0.773035
CTAATG	0.845506
CTAATT	0.289888
CTACAA	1.99922
CTACAC	3.19413
CTACAG	2.18348
CTACAT	1.3875
CTACCA	2.37567
CTACCC	5.30248
CTACCG	4.9193
CTACCT	3.78079
CTACGA	2.20867
CTACGC	2.70562
CTACGG	3.14607
CTACGT	5.88178
CTACTA	1.77642
CTACTC	1.27187
CTACTG	1.69101
CTACTT	2.08124
CTAGAA	0.879083
CTAGAC	2.68326
CTAGAG	1.51011
CTAGAT	1.07366
CTAGCA	2.44379
CTAGCC	2.54647
CTAGCG	0.731249
CTAGCT	3.69711
CTAGGA	2.80772
CTAGGC	1.77417
CTAGGG	1.49482
CTAGGT	1.69101
CTAGTA	0.206535
CTAGTC	2.29722
CTAGTG	0.917164
CTAGTT	0.40686
CTATAA	2.65582
CTATAC	1.62989
CTATAG	1.41163
CTATAT	2.06362
CTATCA	0.243749
CTATCC	2.67222
CTATCG	1.86595
CTATCT	2.00417
CTATGA	3.32535
CTATGC	3.09803
CTATGG	2.15665
CTATGT	2.18466
CTATTA	0.957745
CTATTC	0.559782
CTATTG	1.09318
CTATTT	0.869277
CTCAAA	0.623637
CTCAAC	0.472599
CTCAAG	0.449688
CTCAAT	0.287832
CTCACA	0.926979
CTCACC	0.706287
CTCACG	0.30572
CTCACT	1.11068
CTCAGA	1.68422
CTCAGC	0.490022
CTCAGG	0.603764
CTCAGT	0.469958
CTCATA	1.53149
CTCATC	0.0848156
CTCATG	0.38215
CTCATT	0.29814
CTCCAA	1.52303
CTCCAC	0.849298
CTCCAG	0.833664
CTCCAT	0.773036
CTCCCA	2.14165
CTCCCC	2.11261
CTCCCG	1.2025
CTCCCT	2.58498
CTCCGA	1.59154
CTCCGC	1.27969
CTCCGG	2.45966
CTCCGT	2.08124
CTCCTA	1.65132
CTCCTC	1.2514
CTCCTG	1.35847
CTCCTT	1.58157
CTCGAA	0.872782
CTCGAC	0
CTCGAG	0.392119
CTCGAT	0
CTCGCA	0.636617
CTCGCC	0.872784
CTCGCG	0
CTCGCT	2.11376
CTCGGA	0.422754
CTCGGC	1.07153
CTCGGG	0.644198
CTCGGT	0.811687
CTCGTA	0
CTCGTC	0.375781
CTCGTG	0.353675
CTCGTT	0.858928
CTCTAA	1.3169
CTCTAC	1.25843
CTCTAG	1.31341
CTCTAT	1.5286
CTCTCA	0.583948
CTCTCC	0.525363
CTCTCG	0
CTCTCT	0.919029
CTCTGA	2.11645
CTCTGC	1.51301
CTCTGG	1.21956
CTCTGT	1.94897
CTCTTA	0.566028
CTCTTC	0.455685
CTCTTG	0.608006
CTCTTT	0.56603
CTGAAA	0.362128
CTGAAC	0.518317
CTGAAG	0.37578
CTGAAT	0.19121
CTGACA	0.471909
CTGACC	0.953202
CTGACG	0.276084
CTGACT	0.67829
CTGAGA	0.559783
CTGAGC	0.626784
CTGAGG	0.478589
CTGAGT	0.438749
CTGATA	0.541123
CTGATC	0
CTGATG	0.169631
CTGATT	0.206536
CTGCAA	1.1127
CTGCAC	1.15453
CTGCAG	1.34034
CTGCAT	1.69101
CTGCCA	1.81106
CTGCCC	2.96118
CTGCCG	1.80375
CTGCCT	1.80375
CTGCGA	1.24397
CTGCGC	1.70624
CTGCGG	1.34534
CTGCGT	1.96376
CTGCTA	1.24683
CTGCTC	0.94641
CTGCTG	1.24818
CTGCTT	0.924472
CTGGAA	0.656704
CTGGAC	0.304003
CTGGAG	0.999122
CTGGAT	0.357571
CTGGCA	1.36911
CTGGCC	1.42636
CTGGCG	0.478872
CTGGCT	1.4603
CTGGGA	0.702759
CTGGGC	0.845508
CTGGGG	0.660713
CTGGGT	0.921419
CTGGTA	0.747411
CTGGTC	0.156848
CTGGTG	0.562499
CTGGTT	0.263534
CTGTAA	1.1919
CTGTAC	2.14731
CTGTAG	1.18828
CTGTAT	2.20368
CTGTCA	0.997464
CTGTCC	1.35961
CTGTCG	0.239436
CTGTCT	0.985491
CTGTGA	2.14566
CTGTGC	1.99677
CTGTGG	1.25618
CTGTGT	1.72699
CTGTTA	0.517824
CTGTTC	0.0807648
CTGTTG	0.557038
CTGTTT	0.245409
CTTAAA	0.884191
CTTAAC	0.392119
CTTAAG	0.887087
CTTAAT	0.336102
CTTACA	1.22983
CTTACC	1.18929
CTTACG	0.552167
CTTACT	1.22983
CTTAGA	1.17
CTTAGC	0.726343
CTTAGG	0.814946
CTTAGT	0.413071
CTTATA	0.773038
CTTATC	0.724723
CTTATG	0
CTTATT	0.248222
CTTCAA	2.59049
CTTCAC	2.90433
CTTCAG	2.20157
CTTCAT	2.51296
CTTCCA	2.72607
CTTCCC	4.08871
CTTCCG	2.55649
CTTCCT	3.64009
CTTCGA	4.05843
CTTCGC	3.71359
CTTCGG	1.67358
CTTCGT	2.19375
CTTCTA	1.0496
CTTCTC	1.3633
CTTCTG	1.20028
CTTCTT	1.14689
CTTGAA	0.906189
CTTGAC	0.98642
CTTGAG	0.793649
CTTGAT	0.274682
CTTGCA	2.02921
CTTGCC	1.6565
CTTGCG	0
CTTGCT	2.47288
CTTGGA	1.39946
CTTGGC	1.51643
CTTGGG	1.06471
CTTGGT	1.60263
CTTGTA	0.594644
CTTGTC	0.409944
CTTGTG	0.24375
CTTGTT	1.0862
CTTTAA	2.67002
CTTTAC	3.21749
CTTTAG	1.95117
CTTTAT	2.07365
CTTTCA	1.15406
CTTTCC	1.42061
CTTTCG	0.510495
CTTTCT	1.18883
CTTTGA	3.36334
CTTTGC	2.86737
CTTTGG	2.27576
CTTTGT	3.40093
CTTTTA	0.319248
CTTTTC	0.585352
CTTTTG	0.843309
CTTTTT	0.403222
GAAAAA	0.366726
GAAAAC	0.509122
GAAAAG	0.459554
GAAAAT	0.22929
GAAACA	0.469958
GAAACC	0.611125
GAAACG	0
GAAACT	0.362684
GAAAGA	0.59414
GAAAGC	0.960058
GAAAGG	0.779891
GAAAGT	0.0819884
GAAATA	0.178589
GAAATC	0.0962856
GAAATG	0.162663
GAAATT	0.256863
GAACAA	1.37574
GAACAC	0.64165
GAACAG	1.31341
GAACAT	0.953524
GAACCA	1.92633
GAACCC	2.55714
GAACCG	1.37574
GAACCT	1.08225
GAACGA	1.25843
GAACGC	1.12734
GAACGG	1.12734
GAACGT	0.563672
GAACTA	2.04627
GAACTC	0.639123
GAACTG	0.95944
GAACTT	0.570807
GAAGAA	0.800818
GAAGAC	1.21706
GAAGAG	0.723104
GAAGAT	0.839677
GAAGCA	0.915967
GAAGCC	1.09935
GAAGCG	0.284802
GAAGCT	1.40639
GAAGGA	1.03872
GAAGGC	0.680186
GAAGGG	0.336102
GAAGGT	1.24601
GAAGTA	0.273296
GAAGTC	0
GAAGTG	0.309568
GAAGTT	0.0952684
GAATAA	0.663143
GAATAC	0.454726
GAATAG	0.65991
GAATAT	0.867184
GAATCA	0.823447
GAATCC	1.00208
GAATCG	0.807648
GAATCT	0.73924
GAATGA	1.09418
GAATGC	2.52524
GAATGG	1.06521
GAATGT	1.42401
GAATTA	0
GAATTC	0.143916
GAATTG	0.731249
GAATTT	0.646393
GACAAA	0.107794
GACAAC	0.356003
GACAAG	0
GACAAT	0
GACACA	0.381073
GACACC	0.739818
GACACG	0.237335
GACACT	0.452824
GACAGA	0.517327
GACAGC	0.0939451
GACAGG	0.267883
GACAGT	0.338203
GACATA	0
GACATC	0.141655
GACATG	0.236299
GACATT	0.118668
GACCAA	1.78673
GACCAC	0.714358
GACCAG	0.634131
GACCAT	0.331978
GACCCA	0.642011
GACCCC	0.639841
GACCCG	0.712006
GACCCT	1.30167
GACCGA	0.712007
GACCGC	1.6565
GACCGG	0
GACCGT	3.86518
GACCTA	1.60731
GACCTC	0.633421
GACCTG	1.13127
GACCTT	0.638119
GACGAA	0
GACGAC	0.541124
GACGAG	0.491931
GACGAT	0
GACGCA	0.466487
GACGCC	0.443545
GACGCG	0
GACGCT	2.10827
GACGGA	0
GACGGC	0.325978
GACGGG	0.403823
GACGGT	0.392119
GACGTA	0
GACGTC	0
GACGTG	0.443544
GACGTT	0
GACTAA	0.260157
GACTAC	0
GACTAG	0.462498
GACTAT	0.737898
GACTCA	0.438157
GACTCC	0.323381
GACTCG	0
GACTCT	0.717399
GACTGA	0.331301
GACTGC	0.612132
GACTGG	0.952684
GACTGT	0.35138
GACTTA	0.525362
GACTTC	0.277975
GACTTG	0.401825
GACTTT	0.413073
GAGAAA	0.139226
GAGAAC	0.417858
GAGAAG	0.377277
GAGAAT	0.136994
GAGACA	0.163317
GAGACC	1.21817
GAGACG	0.486039
GAGACT	0.245965
GAGAGA	0.256863
GAGAGC	0.158224
GAGAGG	0.336103
GAGAGT	0.110434
GAGATA	0.304002
GAGATC	0.106942
GAGATG	0.0545488
GAGATT	0
GAGCAA	0.884191
GAGCAC	0.676403
GAGCAG	0.659909
GAGCAT	0.450937
GAGCCA	1.09418
GAGCCC	1.66027
GAGCCG	1.11956
GAGCCT	2.02727
GAGCGA	1.01145
GAGCGC	0.917161
GAGCGG	0.608005
GAGCGT	1.63977
GAGCTA	0.62558
GAGCTC	0.621983
GAGCTG	0.83998
GAGCTT	0.573628
GAGGAA	0.312015
GAGGAC	0.518648
GAGGAG	0.242656
GAGGAT	0.0788811
GAGGCA	1.00047
GAGGCC	0.900373
GAGGCG	0.130706
GAGGCT	0.886458
GAGGGA	0.764632
GAGGGC	0.509295
GAGGGG	0.39
GAGGGT	0.790603
GAGGTA	0
GAGGTC	0.356003
GAGGTG	0.19606
GAGGTT	0.192799
GAGTAA	1.08951
GAGTAC	0.252862
GAGTAG	0.682088
GAGTAT	0
GAGTCA	0.450938
GAGTCC	0.129456
GAGTCG	0
GAGTCT	0.24975
GAGTGA	0.861204
GAGTGC	0.793436
GAGTGG	1.08559
GAGTGT	1.18494
GAGTTA	0.629216
GAGTTC	0
GAGTTG	0.498734
GAGTTT	0.151575
GATAAA	0.541124
GATAAC	0.255246
GATAAG	0
GATAAT	0.403823
GATACA	0.334028
GATACC	0.466487
GATACG	0
GATACT	0
GATAGA	0.682089
GATAGC	0.346874
GATAGG	0.281835
GATAGT	0
GATATA	0.262681
GATATC	0.322098
GATATG	0.43994
GATATT	0
GATCAA	1.30917
GATCAC	0.73373
GATCAG	0.791888
GATCAT	0.486039
GATCCA	1.43239
GATCCC	2.48984
GATCCG	0.520312
GATCCT	1.51075
GATCGA	0
GATCGC	0.45858
GATCGG	0
GATCGT	1.22983
GATCTA	0.588179
GATCTC	0.419476
GATCTG	0.639123
GATCTT	0.520312
GATGAA	0.563671
GATGAC	0.585001
GATGAG	0.163482
GATGAT	0.273296
GATGCA	1.04509
GATGCC	1.33282
GATGCG	0
GATGCT	0.842218
GATGGA	0.342484
GATGGC	0.536829
GATGGG	0.248223
GATGGT	1.29352
GATGTA	0.789966
GATGTC	0.450937
GATGTG	0.35757
GATGTT	0.485315
GATTAA	0.370634
GATTAC	0.323381
GATTAG	0.621982
GATTAT	0.559782
GATTCA	0.43639
GATTCC	0.360749
GATTCG	0
GATTCT	0.255247
GATTGA	0.724723
GATTGC	0.378409
GATTGG	0.826143
GATTGT	0.698226
GATTTA	0.483147
GATTTC	0.201912
GATTTG	0.11919
GATTTT	0.155496
GCAAAA	1.45812
GCAAAC	0.420563
GCAAAG	0.477462
GCAAAT	0.225469
GCAACA	1.40813
GCAACC	1.69725
GCAACG	1.88764
GCAACT	1.30217
GCAAGA	1.50805
GCAAGC	1.1919
GCAAGG	1.35766
GCAAGT	0.727316
GCAATA	1.12734
GCAATC	0.368111
GCAATG	0.75156
GCAATT	0.140917
GCACAA	2.6228
GCACAC	2.17118
GCACAG	1.98376
GCACAT	2.45966
GCACCA	4.07379
GCACCC	5.20311
GCACCG	2.43506
GCACCT	4.77045
GCACGA	3.6743
GCACGC	3.95944
GCACGG	1.26826
GCACGT	2.75572
GCACTA	2.23144
GCACTC	1.16192
GCACTG	1.69101
GCACTT	2.24223
GCAGAA	1.34322
GCAGAC	1.09018
GCAGAG	0.473286
GCAGAT	1.07508
GCAGCA	2.17118
GCAGCC	2.49137
GCAGCG	1.11956
GCAGCT	2.23201
GCAGGA	1.97873
GCAGGC	1.82588
GCAGGG	1.24397
GCAGGT	1.78175
GCAGTA	0.726343
GCAGTC	1.04062
GCAGTG	0.470543
GCAGTT	0.779396
GCATAA	2.08125
GCATAC	3.65625
GCATAG	2.77498
GCATAT	0.95944
GCATCA	1.45594
GCATCC	1.88217
GCATCG	1.93259
GCATCT	2.52775
GCATGA	1.69102
GCATGC	2.0352
GCATGG	1.96178
GCATGT	2.58264
GCATTA	1.03268
GCATTC	0.932972
GCATTG	0.655911
GCATTT	1.22983
GCCAAA	0.449066
GCCAAC	0.693751
GCCAAG	0.486039
GCCAAT	0.403823
GCCACA	0.50667
GCCACC	0.704588
GCCACG	0
GCCACT	0.710307
GCCAGA	0.533501
GCCAGC	0.541125
GCCAGG	0.456201
GCCAGT	0.638119
GCCATA	0.687872
GCCATC	0.352907
GCCATG	0.193951
GCCATT	0.438157
GCCCAA	1.91737
GCCCAC	1.24971
GCCCAG	1.12344
GCCCAT	2.0913
GCCCCA	2.12372
GCCCCC	2.80772
GCCCCG	1.05218
GCCCCT	2.9878
GCCCGA	1.59154
GCCCGC	0.917164
GCCCGG	1.53411
GCCCGT	1.02745
GCCCTA	1.21147
GCCCTC	0.832498
GCCCTG	1.24601
GCCCTT	1.25171
GCCGAA	0
GCCGAC	0.659907
GCCGAG	0.134608
GCCGAT	0
GCCGCA	1.4866
GCCGCC	1.46817
GCCGCG	0
GCCGCT	1.35281
GCCGGA	0.651957
GCCGGC	1.04063
GCCGGG	0.665315
GCCGGT	1.14322
GCCGTA	0
GCCGTC	0.329954
GCCGTG	0.55595
GCCGTT	0
GCCTAA	0.579777
GCCTAC	0.901872
GCCTAG	2.09364
GCCTAT	1.67605
GCCTCA	0.480029
GCCTCC	0.568276
GCCTCG	0.165989
GCCTCT	1.23471
GCCTGA	1.58308
GCCTGC	1.32275
GCCTGG	1.24362
GCCTGT	1.3456
GCCTTA	0.605734
GCCTTC	0.255247
GCCTTG	0.555404
GCCTTT	0.484588
GCGAAA	0.858928
GCGAAC	0
GCGAAG	1.4625
GCGAAT	0
GCGACA	0.629214
GCGACC	0.644196
GCGACG	1.69101
GCGACT	0
GCGAGA	0.422752
GCGAGC	0
GCGAGG	0.78424
GCGAGT	0.712007
GCGATA	0
GCGATC	0.392119
GCGATG	0
GCGATT	0.832499
GCGCAA	0
GCGCAC	0
GCGCAG	1.00208
GCGCAT	0
GCGCCA	2.67885
GCGCCC	1.96376
GCGCCG	1.35281
GCGCCT	2.65732
GCGCGA	0
GCGCGC	0
GCGCGG	0
GCGCGT	0
GCGCTA	2.08125
GCGCTC	0.702759
GCGCTG	0.751561
GCGCTT	0
GCGGAA	0
GCGGAC	0
GCGGAG	0
GCGGAT	0.397885
GCGGCA	1.02099
GCGGCC	1.6469
GCGGCG	0.693749
GCGGCT	1.08225
GCGGGA	0.737898
GCGGGC	0.436391
GCGGGG	0.141655
GCGGGT	1.56094
GCGGTA	0
GCGGTC	1.17636
GCGGTG	0
GCGGTT	0.450937
GCGTAA	1.00208
GCGTAC	0
GCGTAG	1.31981
GCGTAT	2.84803
GCGTCA	1.22983
GCGTCC	0.392119
GCGTCG	0
GCGTCT	1.93258
GCGTGA	1.93259
GCGTGC	1.80374
GCGTGG	1.63977
GCGTGT	1.6469
GCGTTA	0
GCGTTC	0.601249
GCGTTG	0.563672
GCGTTT	0.422754
GCTAAA	1.06102
GCTAAC	0
GCTAAG	0.648053
GCTAAT	0.466487
GCTACA	1.5286
GCTACC	2.00417
GCTACG	0.751561
GCTACT	1.24396
GCTAGA	1.15749
GCTAGC	0.989862
GCTAGG	0.563671
GCTAGT	0.665316
GCTATA	0.581854
GCTATC	0
GCTATG	0
GCTATT	0.75682
GCTCAA	2.04972
GCTCAC	2.49976
GCTCAG	2.29047
GCTCAT	1.36255
GCTCCA	5.61544
GCTCCC	5.95237
GCTCCG	2.27576
GCTCCT	4.85962
GCTCGA	4.77462
GCTCGC	0.491931
GCTCGG	1.97284
GCTCGT	1.17636
GCTCTA	1.83087
GCTCTC	1.41091
GCTCTG	1.02627
GCTCTT	1.45377
GCTGAA	1.14437
GCTGAC	1.60263
GCTGAG	0.714693
GCTGAT	1.27323
GCTGCA	2.03814
GCTGCC	2.72789
GCTGCG	1.08951
GCTGCT	2.14354
GCTGGA	1.43239
GCTGGC	1.63778
GCTGGG	1.1403
GCTGGT	2.53086
GCTGTA	0.420563
GCTGTC	0.642011
GCTGTG	0.654915
GCTGTT	1.37866
GCTTAA	2.06679
GCTTAC	2.27363
GCTTAG	2.27189
GCTTAT	1.2025
GCTTCA	1.3449
GCTTCC	1.924
GCTTCG	0.807648
GCTTCT	1.75865
GCTTGA	2.53957
GCTTGC	2.97476
GCTTGG	2.45966
GCTTGT	2.28474
GCTTTA	0.379292
GCTTTC	0.357179
GCTTTG	1.12067
GCTTTT	0.611441
GGAAAA	0.36317
GGAAAC	0.491932
GGAAAG	0.534005
GGAAAT	0.192799
GGAACA	0.575663
GGAACC	1.21477
GGAACG	0
GGAACT	0.575664
GGAAGA	0.785865
GGAAGC	0.444456
GGAAGG	0.613171
GGAAGT	0.355334
GGAATA	0.596827
GGAATC	0.571609
GGAATG	0.132629
GGAATT	0.284803
GGACAA	1.36037
GGACAC	1.37934
GGACAG	0.673039
GGACAT	1.78214
GGACCA	2.84248
GGACCC	2.4375
GGACCG	1.80375
GGACCT	3.6787
GGACGA	2.08125
GGACGC	2.86959
GGACGG	1.86594
GGACGT	2.00416
GGACTA	1.78214
GGACTC	0.273296
GGACTG	1.23849
GGACTT	0.650389
GGAGAA	0.663644
GGAGAC	0.930057
GGAGAG	0.554999
GGAGAT	0.921419
GGAGCA	1.30217
GGAGCC	1.66928
GGAGCG	0.676406
GGAGCT	0.94934
GGAGGA	1.02099
GGAGGC	0.806205
GGAGGG	0.923683
GGAGGT	0.563672
GGAGTA	0.55595
GGAGTC	0.543297
GGAGTG	0
GGAGTT	0.204455
GGATAA	1.13682
GGATAC	1.72699
GGATAG	1.22983
GGATAT	1.14645
GGATCA	0.318308
GGATCC	0.523668
GGATCG	0
GGATCT	0.791118
GGATGA	2.23605
GGATGC	1.97972
GGATGG	1.45464
GGATGT	1.48933
GGATTA	0.666878
GGATTC	0.184056
GGATTG	0.767554
GGATTT	0.343934
GGCAAA	0.605735
GGCAAC	0.12025
GGCAAG	0.575663
GGCAAT	0.18789
GGCACA	0.455272
GGCACC	0.74948
GGCACG	0
GGCACT	1.02274
GGCAGA	0.275615
GGCAGC	0.538969
GGCAGG	0.332906
GGCAGT	0.659907
GGCATA	0
GGCATC	0
GGCATG	0.220567
GGCATT	0.133942
GGCCAA	1.06585
GGCCAC	0.837455
GGCCAG	0.835069
GGCCAT	0.515357
GGCCCA	1.9811
GGCCCC	2.08909
GGCCCG	0.432899
GGCCCT	1.97972
GGCCGA	1.56524
GGCCGC	0.705817
GGCCGG	1.05073
GGCCGT	1.8568
GGCCTA	1.99187
GGCCTC	0.995669
GGCCTG	0.648608
GGCCTT	1.1691
GGCGAA	0.966294
GGCGAC	0
GGCGAG	0
GGCGAT	0
GGCGCA	0.447211
GGCGCC	0
GGCGCG	0.845507
GGCGCT	1.07154
GGCGGA	0.767554
GGCGGC	0.426082
GGCGGG	0.227363
GGCGGT	1.42401
GGCGTA	0
GGCGTC	0
GGCGTG	0.224533
GGCGTT	0
GGCTAA	0.858928
GGCTAC	0.778596
GGCTAG	0.486039
GGCTAT	0.569605
GGCTCA	0.483146
GGCTCC	0.38287
GGCTCG	0
GGCTCT	0.853716
GGCTGA	0.696902
GGCTGC	0.643102
GGCTGG	0.559378
GGCTGT	1.22225
GGCTTA	0.49493
GGCTTC	0.516588
GGCTTG	0.102875
GGCTTT	0.6202
GGGAAA	0.190091
GGGAAC	0.115133
GGGAAG	0.183744
GGGAAT	0
GGGACA	0.541124
GGGACC	0.642285
GGGACG	0.262681
GGGACT	0.38215
GGGAGA	0.482285
GGGAGC	0.192343
GGGAGG	0.372675
GGGAGT	0.488379
GGGATA	0.252862
GGGATC	0
GGGATG	0.162013
GGGATT	0.0788811
GGGCAA	0.476342
GGGCAC	0.30572
GGGCAG	0.861902
GGGCAT	0.631662
GGGCCA	1.50312
GGGCCC	2.54839
GGGCCG	0.791118
GGGCCT	2.19665
GGGCGA	0.705817
GGGCGC	0.429465
GGGCGG	0.302304
GGGCGT	1.10434
GGGCTA	1.15955
GGGCTC	0.751562
GGGCTG	0.803997
GGGCTT	0.577419
GGGGAA	0.173068
GGGGAC	0.300625
GGGGAG	0.194929
GGGGAT	0.213041
GGGGCA	0.545977
GGGGCC	0.63261
GGGGCG	0.334028
GGGGCT	0.71958
GGGGGA	0.461934
GGGGGC	0.395392
GGGGGG	0.204198
GGGGGT	0.744666
GGGGTA	0.52707
GGGGTC	0.194649
GGGGTG	0.401577
GGGGTT	0.0688453
GGGTAA	0.170165
GGGTAC	0.966299
GGGTAG	0.971249
GGGTAT	0.462498
GGGTCA	0.496446
GGGTCC	0.0907927
GGGTCG	0.443545
GGGTCT	0.459879
GGGTGA	1.05494
GGGTGC	0.891963
GGGTGG	0.616783
GGGTGT	0.795772
GGGTTA	0.386518
GGGTTC	0.212483
GGGTTG	0.198942
GGGTTT	0.235784
GGTAAA	0.429463
GGTAAC	0.801668
GGTAAG	0
GGTAAT	0.644198
GGTACA	1.22983
GGTACC	1.20787
GGTACG	0
GGTACT	1.21875
GGTAGA	0.635122
GGTAGC	0.718307
GGTAGG	0.578125
GGTAGT	1.01145
GGTATA	0
GGTATC	0.318309
GGTATG	0.422752
GGTATT	0.193259
GGTCAA	0.777478
GGTCAC	0.897596
GGTCAG	1.43534
GGTCAT	2.19832
GGTCCA	3.34028
GGTCCC	6.28771
GGTCCG	2.25469
GGTCCT	2.78824
GGTCGA	2.84803
GGTCGC	1.80375
GGTCGG	0.702759
GGTCGT	3.95944
GGTCTA	0.901874
GGTCTC	0.61352
GGTCTG	0.860168
GGTCTT	0.920278
GGTGAA	1.07917
GGTGAC	0.666001
GGTGAG	0.425246
GGTGAT	0.793179
GGTGCA	0.38986
GGTGCC	2.4117
GGTGCG	0.718307
GGTGCT	1.3234
GGTGGA	0.932974
GGTGGC	0.904745
GGTGGG	0.695447
GGTGGT	1.33163
GGTGTA	0.541123
GGTGTC	0.443545
GGTGTG	0.227363
GGTGTT	0.561721
GGTTAA	1.1119
GGTTAC	0.237335
GGTTAG	0.960574
GGTTAT	0.996807
GGTTCA	0.584546
GGTTCC	0.734081
GGTTCG	0.563672
GGTTCT	0.644198
GGTTGA	0.603933
GGTTGC	1.3223
GGTTGG	0.851422
GGTTGT	1.31182
GGTTTA	0.632896
GGTTTC	0.277216
GGTTTG	0.609718
GGTTTT	0.469958
GTAAAA	0.950856
GTAAAC	1.36254
GTAAAG	0.445982
GTAAAT	0.693751
GTAACA	1.02099
GTAACC	2.76084
GTAACG	0.901875
GTAACT	0.721499
GTAAGA	0.868114
GTAAGC	0.788043
GTAAGG	0.736224
GTAAGT	1.49275
GTAATA	0.432899
GTAATC	0.106521
GTAATG	1.38749
GTAATT	0.353675
GTACAA	2.14113
GTACAC	2.15492
GTACAG	2.60948
GTACAT	2.68124
GTACCA	1.665
GTACCC	4.08394
GTACCG	2.70563
GTACCT	3.73189
GTACGA	1.80374
GTACGC	0
GTACGG	0.932973
GTACGT	3.12187
GTACTA	1.64977
GTACTC	0.83679
GTACTG	2.31249
GTACTT	1.08225
GTAGAA	1.0362
GTAGAC	1.15133
GTAGAG	0.657614
GTAGAT	0.966296
GTAGCA	2.20225
GTAGCC	2.62681
GTAGCG	1.22983
GTAGCT	1.68574
GTAGGA	0.795773
GTAGGC	1.09098
GTAGGG	0.94934
GTAGGT	1.98718
GTAGTA	0.294089
GTAGTC	0.966296
GTAGTG	0.167014
GTAGTT	1.05688
GTATAA	1.59154
GTATAC	0.882268
GTATAG	1.82401
GTATAT	1.33375
GTATCA	1.13682
GTATCC	1.06801
GTATCG	1.80374
GTATCT	1.33795
GTATGA	2.98078
GTATGC	1.59154
GTATGG	1.02099
GTATGT	2.37857
GTATTA	0.619606
GTATTC	0.300625
GTATTG	2.83147
GTATTT	0.826717
GTCAAA	0.252861
GTCAAC	1.54608
GTCAAG	0.309213
GTCAAT	0.581854
GTCACA	0.623004
GTCACC	1.86594
GTCACG	0.381073
GTCACT	1.53729
GTCAGA	0.532603
GTCAGC	1.20007
GTCAGG	0.605285
GTCAGT	0.271922
GTCATA	0.665316
GTCATC	0.541124
GTCATG	0.312789
GTCATT	0.137341
GTCCAA	0.819885
GTCCAC	1.59155
GTCCAG	1.58533
GTCCAT	0.614915
GTCCCA	2.21304
GTCCCC	3.9919
GTCCCG	3.00624
GTCCCT	2.58499
GTCCGA	4.22754
GTCCGC	1.88764
GTCCGG	0.858928
GTCCGT	1.42401
GTCCTA	1.44944
GTCCTC	0.960058
GTCCTG	1.50753
GTCCTT	0.795769
GTCGAA	1.22983
GTCGAC	4.91932
GTCGAG	0
GTCGAT	0
GTCGCA	1.17636
GTCGCC	2.60783
GTCGCG	0
GTCGCT	0.983862
GTCGGA	1.4625
GTCGGC	0.94934
GTCGGG	0
GTCGGT	1.63977
GTCGTA	0
GTCGTC	0
GTCGTG	0.520312
GTCGTT	1.42401
GTCTAA	0.966299
GTCTAC	1.07154
GTCTAG	1.74557
GTCTAT	1.35281
GTCTCA	1.03434
GTCTCC	0.413071
GTCTCG	0.349112
GTCTCT	0.725897
GTCTGA	1.71242
GTCTGC	1.08951
GTCTGG	0.8125
GTCTGT	1.40073
GTCTTA	0.179181
GTCTTC	0.290927
GTCTTG	0.466487
GTCTTT	0.251296
GTGAAA	0.473632
GTGAAC	0.370633
GTGAAG	0.344226
GTGAAT	0.148661
GTGACA	0.729457
GTGACC	1.61186
GTGACG	0.731249
GTGACT	1.67358
GTGAGA	0.812313
GTGAGC	0.307457
GTGAGG	0.59643
GTGAGT	0.354836
GTGATA	0.204972
GTGATC	0.312187
GTGATG	0.170702
GTGATT	0.118668
GTGCAA	1.12266
GTGCAC	0.742717
GTGCAG	0.720127
GTGCAT	1.32274
GTGCCA	1.39545
GTGCCC	1.76628
GTGCCG	1.05414
GTGCCT	2.93052
GTGCGA	0
GTGCGC	0.795771
GTGCGG	0.845506
GTGCGT	2.27842
GTGCTA	0.983863
GTGCTC	0.283807
GTGCTG	1.43867
GTGCTT	1.19231
GTGGAA	0.737896
GTGGAC	0.47191
GTGGAG	0.503112
GTGGAT	0.731247
GTGGCA	1.16485
GTGGCC	0.95944
GTGGCG	1.07002
GTGGCT	1.33818
GTGGGA	0.839883
GTGGGC	0.808577
GTGGGG	0.69474
GTGGGT	1.15955
GTGGTA	0.138042
GTGGTC	0.256863
GTGGTG	0.46382
GTGGTT	0.739999
GTGTAA	0.559782
GTGTAC	1.74556
GTGTAG	0.727316
GTGTAT	1.44944
GTGTCA	1.40692
GTGTCC	0.739818
GTGTCG	0.932973
GTGTCT	0.845505
GTGTGA	1.54947
GTGTGC	1.46746
GTGTGG	1.50025
GTGTGT	1.89591
GTGTTA	1.23607
GTGTTC	0.956533
GTGTTG	0.720125
GTGTTT	0.550763
GTTAAA	1.11572
GTTAAC	1.56094
GTTAAG	1.37241
GTTAAT	0.200417
GTTACA	1.24238
GTTACC	1.65229
GTTACG	0
GTTACT	1.63427
GTTAGA	1.32792
GTTAGC	1.11803
GTTAGG	0.914064
GTTAGT	1.06521
GTTATA	0.525362
GTTATC	0.223605
GTTATG	0.213041
GTTATT	0.118149
GTTCAA	2.68828
GTTCAC	2.2137
GTTCAG	2.19969
GTTCAT	0.503373
GTTCCA	4.22341
GTTCCC	4.78688
GTTCCG	1.42401
GTTCCT	3.02492
GTTCGA	3.86518
GTTCGC	7.73034
GTTCGG	3.00625
GTTCGT	4.9603
GTTCTA	1.13523
GTTCTC	1.18002
GTTCTG	1.17978
GTTCTT	1.21406
GTTGAA	0.855536
GTTGAC	1.18667
GTTGAG	0.491933
GTTGAT	1.19365
GTTGCA	1.67257
GTTGCC	3.2938
GTTGCG	0
GTTGCT	1.65651
GTTGGA	0.800479
GTTGGC	1.32274
GTTGGG	0.980298
GTTGGT	2.43749
GTTGTA	0.496442
GTTGTC	0.826143
GTTGTG	0.702759
GTTGTT	1.00208
GTTTAA	2.60435
GTTTAC	1.50312
GTTTAG	1.39259
GTTTAT	1.14862
GTTTCA	0.957743
GTTTCC	1.49276
GTTTCG	1.21147
GTTTCT	1.125
GTTTGA	2.63725
GTTTGC	1.23544
GTTTGG	2.33426
GTTTGT	1.86901
GTTTTA	0.541124
GTTTTC	0.392119
GTTTTG	0.272607
GTTTTT	0.343104
TAAAAA	0.539103
TAAAAC	0.50104
TAAAAG	0.536525
TAAAAT	0.380307
TAAACA	0.769891
TAAACC	0.777478
TAAACG	0
TAAACT	0.359154
TAAAGA	1.95801
TAAAGC	0.932972
TAAAGG	1.31447
TAAAGT	0.961385
TAAATA	0.658125
TAAATC	1.33612
TAAATG	0.56367
TAAATT	0.270563
TAACAA	1.8118
TAACAC	1.73623
TAACAG	2.10025
TAACAT	1.29525
TAACCA	3.3357
TAACCC	4.05842
TAACCG	0.872781
TAACCT	3.16242
TAACGA	1.93258
TAACGC	1.08225
TAACGG	2.61834
TAACGT	0.614914
TAACTA	0.744663
TAACTC	1.46817
TAACTG	1.61749
TAACTT	1.35281
TAAGAA	1.15837
TAAGAC	0.966296
TAAGAG	0.252861
TAAGAT	0.629215
TAAGCA	0.762146
TAAGCC	2.15786
TAAGCG	0
TAAGCT	2.08125
TAAGGA	1.05585
TAAGGC	0.952681
TAAGGG	1.62989
TAAGGT	0.559782
TAAGTA	0.373188
TAAGTC	0.419477
TAAGTG	0.29409
TAAGTT	0.15286
TAATAA	1.51801
TAATAC	0.932975
TAATAG	1.34321
TAATAT	0.896893
TAATCA	0.581854
TAATCC	0.952684
TAATCG	0
TAATCT	1.86594
TAATGA	2.40218
TAATGC	0.949341
TAATGG	2.23773
TAATGT	1.82588
TAATTA	0.572618
TAATTC	0.324026
TAATTG	1.14322
TAATTT	0.71357
TACAAA	0.472302
TACAAC	0.426082
TACAAG	0.746377
TACAAT	0.651958
TACACA	0.109098
TACACC	0.161049
TACACG	0
TACACT	0.523668
TACAGA	0.575663
TACAGC	0.244853
TACAGG	0.355223
TACAGT	0.122983
TACATA	0.453457
TACATC	0.216449
TACATG	0.164977
TACATT	0.119718
TACCAA	1.59155
TACCAC	0.626301
TACCAG	0.938367
TACCAT	0.461186
TACCCA	1.28839
TACCCC	0.807647
TACCCG	3.07457
TACCCT	1.15483
TACCGA	1.17636
TACCGC	0
TACCGG	0
TACCGT	1.59154
TACCTA	2.41096
TACCTC	0.154607
TACCTG	0.988356
TACCTT	0.991586
TACGAA	0.751561
TACGAC	0
TACGAG	0
TACGAT	0
TACGCA	0
TACGCC	0.644196
TACGCG	0
TACGCT	1.17636
TACGGA	0
TACGGC	0.932973
TACGGG	0.659907
TACGGT	0.773036
TACGTA	0
TACGTC	0
TACGTG	0
TACGTT	0
TACTAA	0.464485
TACTAC	0
TACTAG	1.50312
TACTAT	0.21997
TACTCA	0.512914
TACTCC	0.571609
TACTCG	0
TACTCT	0.533127
TACTGA	1.99848
TACTGC	0.773038
TACTGG	0.914064
TACTGT	0.72343
TACTTA	1.71242
TACTTC	0
TACTTG	1.0128
TACTTT	0.596827
TAGAAA	0.195117
TAGAAC	0.178001
TAGAAG	0.427768
TAGAAT	0
TAGACA	0.43875
TAGACC	1.11572
TAGACG	0
TAGACT	0.322098
TAGAGA	0.214732
TAGAGC	0.544756
TAGAGG	0.399845
TAGAGT	0.309213
TAGATA	0
TAGATC	0
TAGATG	0.154607
TAGATT	0
TAGCAA	1.51246
TAGCAC	1.22189
TAGCAG	0.885013
TAGCAT	1.44944
TAGCCA	2.27363
TAGCCC	2.30265
TAGCCG	0.887089
TAGCCT	1.87673
TAGCGA	3.24674
TAGCGC	2.45966
TAGCGG	2.13602
TAGCGT	0
TAGCTA	0.924998
TAGCTC	0.867184
TAGCTG	1.05219
TAGCTT	1.4625
TAGGAA	0.590747
TAGGAC	0.447211
TAGGAG	0.447212
TAGGAT	0
TAGGCA	1.0128
TAGGCC	0.786517
TAGGCG	0
TAGGCT	1.06801
TAGGGA	1.23686
TAGGGC	0.200417
TAGGGG	1.0128
TAGGGT	0.946023
TAGGTA	0.206535
TAGGTC	0.318309
TAGGTG	0.744666
TAGGTT	0
TAGTAA	0.370634
TAGTAC	0.731249
TAGTAG	0.609373
TAGTAT	1.4348
TAGTCA	0.789966
TAGTCC	0.544756
TAGTCG	1.42401
TAGTCT	0.43994
TAGTGA	0.174556
TAGTGC	0.496442
TAGTGG	0.773033
TAGTGT	1.05688
TAGTTA	1.47963
TAGTTC	0
TAGTTG	0.491932
TAGTTT	0.590747
TATAAA	1.1081
TATAAC	0.270562
TATAAG	0.229291
TATAAT	0.258912
TATACA	0.422752
TATACC	1.84474
TATACG	0
TATACT	0.583946
TATAGA	0.926584
TATAGC	0.267885
TATAGG	1.24875
TATAGT	0.515357
TATATA	0
TATATC	0
TATATG	0
TATATT	0.208125
TATCAA	1.04062
TATCAC	0.751562
TATCAG	1.94649
TATCAT	1.38244
TATCCA	2.95927
TATCCC	2.25468
TATCCG	4.50937
TATCCT	2.53043
TATCGA	6.3662
TATCGC	1.12734
TATCGG	0.932973
TATCGT	0
TATCTA	1.15955
TATCTC	0.322098
TATCTG	1.04062
TATCTT	1.12734
TATGAA	1.3875
TATGAC	0.932975
TATGAG	0.441135
TATGAT	0.184056
TATGCA	1.24238
TATGCC	1.74557
TATGCG	1.12734
TATGCT	1.74046
TATGGA	0.454726
TATGGC	1.43661
TATGGG	0.712007
TATGGT	1.34321
TATGTA	0.591393
TATGTC	0.198942
TATGTG	0.365624
TATGTT	0.901876
TATTAA	0.620556
TATTAC	1.69101
TATTAG	2.17417
TATTAT	0.795771
TATTCA	1.10685
TATTCC	1.20787
TATTCG	0
TATTCT	0.590318
TATTGA	0.552167
TATTGC	1.00208
TATTGG	1.77003
TATTGT	2.3191
TATTTA	0.405033
TATTTC	0.342484
TATTTG	0.612593
TATTTT	0.370633
TCAAAA	0.736557
TCAAAC	1.36255
TCAAAG	0.513261
TCAAAT	0.548436
TCAACA	1.35804
TCAACC	1.69986
TCAACG	1.56094
TCAACT	1.22983
TCAAGA	1.10434
TCAAGC	1.23922
TCAAGG	1.47747
TCAAGT	0.890742
TCAATA	0.378409
TCAATC	1.11803
TCAATG	0.716724
TCAATT	0.640384
TCACAA	2.53957
TCACAC	2.21133
TCACAG	2.08949
TCACAT	2.90193
TCACCA	4.52873
TCACCC	5.99769
TCACCG	1.67791
TCACCT	4.84681
TCACGA	3.20403
TCACGC	4.10506
TCACGG	2.74484
TCACGT	3.67754
TCACTA	2.83146
TCACTC	1.51515
TCACTG	1.64404
TCACTT	1.68696
TCAGAA	1.36582
TCAGAC	1.33232
TCAGAG	1.00415
TCAGAT	1.30167
TCAGCA	2.06679
TCAGCC	2.0549
TCAGCG	1.07154
TCAGCT	2.37932
TCAGGA	1.99215
TCAGGC	2.21432
TCAGGG	0.991283
TCAGGT	1.63196
TCAGTA	0.824883
TCAGTC	0.201912
TCAGTG	0.635787
TCAGTT	0.942726
TCATAA	1.76749
TCATAC	2.02921
TCATAG	2.85686
TCATAT	1.6443
TCATCA	2.81626
TCATCC	1.96209
TCATCG	0
TCATCT	1.8401
TCATGA	3.63442
TCATGC	2.74138
TCATGG	2.01595
TCATGT	2.67354
TCATTA	1.61749
TCATTC	0.293027
TCATTG	0.670816
TCATTT	0.871127
TCCAAA	0.869976
TCCAAC	0.469184
TCCAAG	0.317065
TCCAAT	0.255246
TCCACA	0.160571
TCCACC	0.981632
TCCACG	0.300625
TCCACT	0.688703
TCCAGA	0.670815
TCCAGC	0.365623
TCCAGG	0.45
TCCAGT	0.561332
TCCATA	0
TCCATC	0.0864415
TCCATG	0.219078
TCCATT	0
TCCCAA	1.42401
TCCCAC	1.00674
TCCCAG	1.40386
TCCCAT	1.57418
TCCCCA	3.44352
TCCCCC	2.23913
TCCCCG	2.09364
TCCCCT	2.54148
TCCCGA	1.99361
TCCCGC	1.43916
TCCCGG	1.93259
TCCCGT	1.48253
TCCCTA	1.69986
TCCCTC	0.738931
TCCCTG	1.71242
TCCCTT	1.00208
TCCGAA	0.644196
TCCGAC	0
TCCGAG	0
TCCGAT	0.845507
TCCGCA	0.552167
TCCGCC	1.19116
TCCGCG	1.04062
TCCGCT	1.38042
TCCGGA	0.334027
TCCGGC	0
TCCGGG	0.458581
TCCGGT	1.17636
TCCGTA	0.845507
TCCGTC	0
TCCGTG	0.863496
TCCGTT	0.409943
TCCTAA	1.22983
TCCTAC	1.24601
TCCTAG	1.5286
TCCTAT	1.21405
TCCTCA	0.773035
TCCTCC	0.84311
TCCTCG	0.260157
TCCTCT	0.408568
TCCTGA	1.49792
TCCTGC	1.38642
TCCTGG	1.36485
TCCTGT	2.23567
TCCTTA	0.824045
TCCTTC	0.480288
TCCTTG	0.644198
TCCTTT	0.564848
TCGAAA	0.541124
TCGAAC	0
TCGAAG	0
TCGAAT	0
TCGACA	2.00417
TCGACC	0.932973
TCGACG	2.70562
TCGACT	0
TCGAGA	1.2526
TCGAGC	1.25843
TCGAGG	1.06801
TCGAGT	0
TCGATA	0
TCGATC	0
TCGATG	0.795771
TCGATT	0.872781
TCGCAA	1.86595
TCGCAC	1.4625
TCGCAG	2.25468
TCGCAT	0.659907
TCGCCA	0.977935
TCGCCC	2.83446
TCGCCG	0
TCGCCT	2.13601
TCGCGA	0
TCGCGC	2.25469
TCGCGG	2.45966
TCGCGT	0
TCGCTA	0
TCGCTC	0.281835
TCGCTG	1.32629
TCGCTT	1.40918
TCGGAA	0.422754
TCGGAC	0
TCGGAG	0.762147
TCGGAT	0.795771
TCGGCA	1.90537
TCGGCC	0.61029
TCGGCG	0
TCGGCT	1.74557
TCGGGA	1.62337
TCGGGC	1.6565
TCGGGG	0.726343
TCGGGT	1.19366
TCGGTA	0
TCGGTC	1.4625
TCGGTG	0
TCGGTT	0.360749
TCGTAA	0
TCGTAC	1.35281
TCGTAG	1.54607
TCGTAT	2.16449
TCGTCA	0.807648
TCGTCC	0
TCGTCG	0
TCGTCT	1.04062
TCGTGA	0.712006
TCGTGC	2.0549
TCGTGG	0.838956
TCGTGT	3.29062
TCGTTA	0
TCGTTC	0.510495
TCGTTG	0
TCGTTT	0.636617
TCTAAA	0.952684
TCTAAC	1.02486
TCTAAG	0.956533
TCTAAT	0.60125
TCTACA	0.792438
TCTACC	1.68146
TCTACG	0
TCTACT	1.19806
TCTAGA	1.62838
TCTAGC	1.28839
TCTAGG	0.431748
TCTAGT	1.37241
TCTATA	0.194649
TCTATC	0.19606
TCTATG	0.329953
TCTATT	0.686705
TCTCAA	1.92842
TCTCAC	2.63656
TCTCAG	2.99585
TCTCAT	2.35272
TCTCCA	4.51983
TCTCCC	6.24374
TCTCCG	3.96824
TCTCCT	4.59136
TCTCGA	4.00832
TCTCGC	2.76954
TCTCGG	1.91888
TCTCGT	2.45965
TCTCTA	1.22329
TCTCTC	1.0037
TCTCTG	1.40607
TCTCTT	1.12289
TCTGAA	0.778167
TCTGAC	2.10437
TCTGAG	0.683525
TCTGAT	1.3633
TCTGCA	1.66417
TCTGCC	2.02428
TCTGCG	1.06103
TCTGCT	2.73536
TCTGGA	2.21022
TCTGGC	1.91616
TCTGGG	1.07366
TCTGGT	1.89394
TCTGTA	0.729061
TCTGTC	0.489952
TCTGTG	0.558683
TCTGTT	0.897601
TCTTAA	2.53652
TCTTAC	2.19026
TCTTAG	1.79455
TCTTAT	4.39491
TCTTCA	1.40386
TCTTCC	1.78929
TCTTCG	0.422754
TCTTCT	1.59724
TCTTGA	2.53926
TCTTGC	1.86315
TCTTGG	2.91624
TCTTGT	2.26819
TCTTTA	0.455491
TCTTTC	0.544092
TCTTTG	0.891264
TCTTTT	0.744667
TGAAAA	0.598183
TGAAAC	0.332386
TGAAAG	0.446681
TGAAAT	0.178393
TGAACA	0.938859
TGAACC	0.889518
TGAACG	0
TGAACT	0.297321
TGAAGA	1.03129
TGAAGC	0.996406
TGAAGG	0.510493
TGAAGT	0.242294
TGAATA	0.41625
TGAATC	0.290927
TGAATG	0.204972
TGAATT	0.276083
TGACAA	1.98781
TGACAC	1.57418
TGACAG	1.40156
TGACAT	1.35281
TGACCA	2.50521
TGACCC	3.50526
TGACCG	1.06103
TGACCT	3.07636
TGACGA	1.6565
TGACGC	2.66126
TGACGG	0.731249
TGACGT	0.721499
TGACTA	1.99744
TGACTC	1.35281
TGACTG	1.41009
TGACTT	1.31041
TGAGAA	0.491931
TGAGAC	0.732774
TGAGAG	0.593338
TGAGAT	0.608766
TGAGCA	0.82196
TGAGCC	1.22387
TGAGCG	0.334027
TGAGCT	1.12266
TGAGGA	0.850489
TGAGGC	0.89442
TGAGGG	0.710307
TGAGGT	1.00996
TGAGTA	0.336799
TGAGTC	0.117636
TGAGTG	0.658303
TGAGTT	0.901876
TGATAA	2.05691
TGATAC	1.72699
TGATAG	1.67791
TGATAT	0.340331
TGATCA	1.15133
TGATCC	1.19718
TGATCG	0
TGATCT	1.16854
TGATGA	2.53926
TGATGC	1.99362
TGATGG	1.90781
TGATGT	1.15701
TGATTA	0.684968
TGATTC	0.590747
TGATTG	0.621983
TGATTT	0.506398
TGCAAA	0.438749
TGCAAC	0.102099
TGCAAG	0.368112
TGCAAT	0.598589
TGCACA	0.552169
TGCACC	0.961013
TGCACG	0.644198
TGCACT	0.729278
TGCAGA	0.573446
TGCAGC	0.838952
TGCAGG	0.408568
TGCAGT	0.4625
TGCATA	0.302304
TGCATC	0.224533
TGCATG	0.267002
TGCATT	0.090489
TGCCAA	2.02922
TGCCAC	1.19551
TGCCAG	1.54607
TGCCAT	0.936203
TGCCCA	2.91685
TGCCCC	2.45965
TGCCCG	1.91888
TGCCCT	3.55483
TGCCGA	1.98943
TGCCGC	1.53728
TGCCGG	0.845506
TGCCGT	0.588179
TGCCTA	1.88764
TGCCTC	1.01461
TGCCTG	1.06701
TGCCTT	0.986425
TGCGAA	0
TGCGAC	0
TGCGAG	0.409943
TGCGAT	0
TGCGCA	0.541124
TGCGCC	0.505725
TGCGCG	0
TGCGCT	1.14322
TGCGGA	0
TGCGGC	0.273295
TGCGGG	0
TGCGGT	0.432899
TGCGTA	0
TGCGTC	0
TGCGTG	0.702761
TGCGTT	0.429464
TGCTAA	1.10112
TGCTAC	0.63662
TGCTAG	0.876819
TGCTAT	0.995933
TGCTCA	0.870774
TGCTCC	0.544233
TGCTCG	0.422754
TGCTCT	0.692136
TGCTGA	1.12242
TGCTGC	0.811687
TGCTGG	1.36082
TGCTGT	1.18668
TGCTTA	0.424966
TGCTTC	0.505049
TGCTTG	0.23125
TGCTTT	0.880354
TGGAAA	0.495309
TGGAAC	0.114645
TGGAAG	0.291712
TGGAAT	0.126431
TGGACA	0.649347
TGGACC	0.271922
TGGACG	0.397885
TGGACT	0.395944
TGGAGA	0.228806
TGGAGC	0.353677
TGGAGG	0.554051
TGGAGT	0.304687
TGGATA	0.208125
TGGATC	0.316447
TGGATG	0.291974
TGGATT	0
TGGCAA	1.41339
TGGCAC	1.13682
TGGCAG	1.09265
TGGCAT	0.872782
TGGCCA	1.71946
TGGCCC	2.77499
TGGCCG	1.04869
TGGCCT	1.90239
TGGCGA	1.87891
TGGCGC	1.21875
TGGCGG	0.93297
TGGCGT	0.909454
TGGCTA	1.17636
TGGCTC	0.688319
TGGCTG	0.951519
TGGCTT	0.81798
TGGGAA	0.29602
TGGGAC	0.2886
TGGGAG	0.176147
TGGGAT	0.187025
TGGGCA	0.429464
TGGGCC	0.695234
TGGGCG	0.162989
TGGGCT	0.379737
TGGGGA	0.661807
TGGGGC	0.550296
TGGGGG	0.429464
TGGGGT	0.720127
TGGGTA	0.235271
TGGGTC	0.363172
TGGGTG	0.422094
TGGGTT	0.224533
TGGTAA	1.45179
TGGTAC	1.43661
TGGTAG	1.55821
TGGTAT	1.60096
TGGTCA	0.45703
TGGTCC	0.370633
TGGTCG	0.43639
TGGTCT	0.995574
TGGTGA	1.36994
TGGTGC	1.27059
TGGTGG	1.01885
TGGTGT	1.45074
TGGTTA	0.617251
TGGTTC	0.312187
TGGTTG	0.73373
TGGTTT	0.595732
TGTAAA	0.597455
TGTAAC	0.751561
TGTAAG	0.2925
TGTAAT	0.644198
TGTACA	1.16371
TGTACC	1.08951
TGTACG	1.69101
TGTACT	1.40755
TGTAGA	0.514376
TGTAGC	1.58121
TGTAGG	0.510496
TGTAGT	0.111803
TGTATA	0.151152
TGTATC	0.194649
TGTATG	0.256457
TGTATT	0.593708
TGTCAA	2.01349
TGTCAC	1.52625
TGTCAG	1.39804
TGTCAT	1.44025
TGTCCA	4.5278
TGTCCC	5.01914
TGTCCG	1.63977
TGTCCT	4.07379
TGTCGA	0
TGTCGC	2.17693
TGTCGG	2.66126
TGTCGT	1.69102
TGTCTA	1.28839
TGTCTC	0.956248
TGTCTG	1.1127
TGTCTT	1.64176
TGTGAA	0.626301
TGTGAC	0.972609
TGTGAG	0.330626
TGTGAT	0.869976
TGTGCA	1.37574
TGTGCC	2.15615
TGTGCG	0.541124
TGTGCT	2.01411
TGTGGA	1.22329
TGTGGC	0.996547
TGTGGG	0.752791
TGTGGT	1.19366
TGTGTA	0.676405
TGTGTC	0.476061
TGTGTG	0.4095
TGTGTT	0.854407
TGTTAA	1.12734
TGTTAC	3.14939
TGTTAG	1.2749
TGTTAT	0.836788
TGTTCA	0.736224
TGTTCC	1.69102
TGTTCG	0.530514
TGTTCT	1.39946
TGTTGA	1.72699
TGTTGC	1.15133
TGTTGG	1.1375
TGTTGT	2.2238
TGTTTA	0.901876
TGTTTC	0.43142
TGTTTG	0.381073
TGTTTT	0.609374
TTAAAA	0.68787
TTAAAC	0.784238
TTAAAG	0.349113
TTAAAT	0.438749
TTAACA	1.17127
TTAACC	1.32443
TTAACG	0.795771
TTAACT	0.679804
TTAAGA	1.52737
TTAAGC	1.84056
TTAAGG	0.560752
TTAAGT	0.901872
TTAATA	0.656706
TTAATC	0.209739
TTAATG	0.270562
TTAATT	0.594642
TTACAA	1.27624
TTACAC	1.08224
TTACAG	1.20028
TTACAT	1.21753
TTACCA	2.65938
TTACCC	4.67157
TTACCG	2.16449
TTACCT	2.61413
TTACGA	6.01249
TTACGC	4.05842
TTACGG	3.09215
TTACGT	3.07457
TTACTA	0.865799
TTACTC	1.27324
TTACTG	1.47786
TTACTT	2.2238
TTAGAA	0.642011
TTAGAC	1.26431
TTAGAG	0.583108
TTAGAT	0.302304
TTAGCA	1.40188
TTAGCC	1.36522
TTAGCG	1.4625
TTAGCT	1.54206
TTAGGA	1.9606
TTAGGC	2.16449
TTAGGG	1.17635
TTAGGT	0.867184
TTAGTA	0.240499
TTAGTC	0
TTAGTG	0.548438
TTAGTT	0.841126
TTATAA	2.07239
TTATAC	1.80375
TTATAG	1.77154
TTATAT	2.23508
TTATCA	1.53729
TTATCC	1.2025
TTATCG	1.17636
TTATCT	1.81129
TTATGA	3.29618
TTATGC	1.59154
TTATGG	2.95927
TTATGT	2.18391
TTATTA	0.662215
TTATTC	0.349865
TTATTG	0.357571
TTATTT	0.467219
TTCAAA	0.619135
TTCAAC	0.735225
TTCAAG	0.374913
TTCAAT	0.585001
TTCACA	0.658303
TTCACC	0.725368
TTCACG	0
TTCACT	0.82215
TTCAGA	0.791888
TTCAGC	0.260156
TTCAGG	0.442336
TTCAGT	0.490445
TTCATA	0
TTCATC	0.488379
TTCATG	0.198942
TTCATT	0.367279
TTCCAA	1.56094
TTCCAC	0.995378
TTCCAG	1.47964
TTCCAT	1.08559
TTCCCA	1.92343
TTCCCC	2.1345
TTCCCG	1.28839
TTCCCT	1.89646
TTCCGA	2.25468
TTCCGC	1.3875
TTCCGG	1.40918
TTCCGT	1.30392
TTCCTA	1.54948
TTCCTC	0.690624
TTCCTG	0.914945
TTCCTT	0.821269
TTCGAA	1.54607
TTCGAC	0
TTCGAG	0.307457
TTCGAT	0
TTCGCA	0.588178
TTCGCC	1.54607
TTCGCG	0
TTCGCT	1.59154
TTCGGA	0.45858
TTCGGC	0.614914
TTCGGG	1.02745
TTCGGT	0.563672
TTCGTA	0
TTCGTC	0
TTCGTG	0.322098
TTCGTT	0.325978
TTCTAA	0.845507
TTCTAC	1.20548
TTCTAG	0.792438
TTCTAT	1.12734
TTCTCA	0.614913
TTCTCC	0.605735
TTCTCG	0.588179
TTCTCT	0.850824
TTCTGA	1.22189
TTCTGC	1.12458
TTCTGG	1.37981
TTCTGT	0.863497
TTCTTA	0.663958
TTCTTC	0.460314
TTCTTG	0.684968
TTCTTT	0.172333
TTGAAA	0.131981
TTGAAC	0.65991
TTGAAG	0.245223
TTGAAT	0.214732
TTGACA	0.37405
TTGACC	0.920278
TTGACG	0
TTGACT	0.535767
TTGAGA	0.778167
TTGAGC	0.399354
TTGAGG	0.544233
TTGAGT	0.928969
TTGATA	0.184056
TTGATC	0.571609
TTGATG	0.124683
TTGATT	0.225469
TTGCAA	1.27024
TTGCAC	1.20007
TTGCAG	1.40043
TTGCAT	0.405338
TTGCCA	1.97285
TTGCCC	1.83715
TTGCCG	0.932973
TTGCCT	2.77026
TTGCGA	0.845507
TTGCGC	0.901875
TTGCGG	0.466487
TTGCGT	0.588178
TTGCTA	0.799688
TTGCTC	0.721501
TTGCTG	1.75606
TTGCTT	1.11285
TTGGAA	0.438157
TTGGAC	0.466487
TTGGAG	0.191888
TTGGAT	0.189205
TTGGCA	0.632153
TTGGCC	1.20787
TTGGCG	0
TTGGCT	1.17211
TTGGGA	0.990616
TTGGGC	0.342484
TTGGGG	1.16305
TTGGGT	1.37109
TTGGTA	0.358361
TTGGTC	0.127624
TTGGTG	0.642285
TTGGTT	0.490149
TTGTAA	1.6986
TTGTAC	1.4348
TTGTAG	1.21147
TTGTAT	1.44428
TTGTCA	0.757571
TTGTCC	0.394023
TTGTCG	0
TTGTCT	0.94482
TTGTGA	1.5806
TTGTGC	1.27024
TTGTGG	0.954263
TTGTGT	1.88995
TTGTTA	0.819886
TTGTTC	0.411502
TTGTTG	0.541123
TTGTTT	0.338807
TTTAAA	0.68787
TTTAAC	0.802512
TTTAAG	0.439224
TTTAAT	0.484588
TTTACA	0.954924
TTTACC	1.21601
TTTACG	0
TTTACT	1.01715
TTTAGA	0.741268
TTTAGC	1.05414
TTTAGG	0.641141
TTTAGT	0.995378
TTTATA	0.569604
TTTATC	0.27893
TTTATG	0.520312
TTTATT	0.133501
TTTCAA	1.58378
TTTCAC	1.39047
TTTCAG	1.13523
TTTCAT	1.86802
TTTCCA	3.13346
TTTCCC	4.66486
TTTCCG	1.15133
TTTCCT	3.21357
TTTCGA	2.45966
TTTCGC	1.00208
TTTCGG	1.44944
TTTCGT	2.45965
TTTCTA	1.15955
TTTCTC	0.907927
TTTCTG	1.0494
TTTCTT	0.622697
TTTGAA	0.972807
TTTGAC	1.59938
TTTGAG	0.472827
TTTGAT	0.290927
TTTGCA	0.849593
TTTGCC	1.73933
TTTGCG	0.601249
TTTGCT	1.31523
TTTGGA	1.57992
TTTGGC	0.98642
TTTGGG	0.848626
TTTGGT	1.68051
TTTGTA	0.396912
TTTGTC	0.104062
TTTGTG	0.574306
TTTGTT	0.983862
TTTTAA	1.07337
TTTTAC	1.46746
TTTTAG	1.04565
TTTTAT	0.901874
TTTTCA	0.600036
TTTTCC	0.793975
TTTTCG	0.858928
TTTTCT	1.39826
TTTTGA	1.64137
TTTTGC	1.88764
TTTTGG	2.02747
TTTTGT	1.6565
TTTTTA	0.668881
TTTTTC	0.046014
TTTTTG	0.393155
TTTTTT	0.307058
